ID,homeDistrict,workDistrict,hangRoundPlace,cuisineID,dishID,numReview
16347,1012 ,,1012 1019 2010 ,2002 2004 2009 ,1004 1034 ,13
16410,3002 ,1014 ,1003 1019 2008 ,1004 2009 3011 ,1028 1014 ,1548
16429,3005 ,2005 ,2008 2010 3005 ,1004 1008 1011 ,1015 1024 1001 ,228
16482,,,,6000 ,,184
16495,,,,1004 6000 ,,15
16542,,,,2006 2009 ,,33
16576,,,,1002 3006 ,,18
16595,,,,6000 ,1032 ,39
16597,,,,2009 3006 ,,64
16599,4011 ,3021 ,4011 ,1014 1016 2010 ,1013 ,203
16672,,,,1002 2009 ,,70
16692,,1003 ,1003 1019 ,,,433
16700,,,,1004 2009 ,1034 1009 ,22
16710,2025 ,2031 ,2025 2031 ,1004 2009 6000 ,1030 1034 1009 ,63
16763,2027 ,2027 ,1019 2001 2027 ,1002 2009 6000 ,1010 1005 1020 ,244
16777,1022 ,3007 ,1022 3007 ,1002 2009 ,,30
16798,,,,1008 3006 ,1032 ,18
16848,2024 ,2004 ,2010 3005 ,1018 2004 2009 ,1034 1010 1014 ,447
16863,,,,2009 3010 ,,13
16872,,,,,1008 1014 ,12
16874,1009 ,2005 ,1003 1009 2010 ,1009 2009 4000 ,1034 ,157
16878,3003 ,3018 ,1003 2001 2008 ,1011 3006 4001 ,1024 1036 1003 ,592
16902,2031 ,,,1004 2006 2009 ,,280
16941,3003 ,3003 ,2008 3003 3018 ,3006 3010 4001 ,1014 1015 1022 ,2798
16967,,,,2009 3001 ,1014 1034 ,61
16968,,,,2004 2009 ,,32
16983,3007 ,4001 ,,1010 2001 3006 ,1008 1009 ,318
17031,1008 ,,,2002 2009 ,,16
17033,,,2008 2010 3015 ,1002 2004 2009 ,1032 1034 1016 ,44
17041,,,,1011 3006 ,,88
17046,,,,6000 ,,34
17054,,,1008 2001 2004 ,1004 1008 1011 ,1001 1033 1005 ,160
17070,3017 ,,,1004 3006 6000 ,,82
17121,,,,1010 6000 ,1032 ,16
17127,3005 ,2016 ,,,,11
17133,3005 ,,,2006 3006 3010 ,,47
17180,,,,2001 2009 ,,20
17188,,,,2004 2009 ,,672
17208,3017 ,,,1011 2009 ,1034 1015 1009 ,368
17218,1004 ,1012 ,1003 1004 2008 ,1004 2004 ,,1086
17228,,,,1004 2009 ,,13
17230,1008 ,2008 ,1003 1011 2008 ,2006 2009 3010 ,1030 1032 1034 ,54
17237,,,,1001 2009 ,,19
17341,3004 ,1022 ,1022 3003 3004 ,1011 2009 4000 ,1009 1032 1034 ,30
17343,,,,1011 2009 ,1032 ,14
17360,,,,2009 ,1032 ,11
17381,,,,1002 2009 ,,29
17388,,,,3010 6000 ,,27
17397,,,,3006 3010 ,,25
17408,,,,1002 1011 ,,138
17410,1013 ,8011 ,,1003 1005 1008 ,1010 1018 1036 ,1043
17470,,,,1002 2004 ,,14
17587,,,,1002 2009 ,,14
17588,,,,2009 6000 ,1032 ,202
17623,3017 ,3017 ,,,1003 1014 1015 ,37
17634,,,,2009 3006 ,,58
17650,,3018 ,2008 3015 3018 ,1004 2009 ,1009 1034 ,86
17678,,,,1001 1009 ,1032 ,14
17691,,,,1004 2009 ,,21
17693,,,,6000 ,,19
17697,3007 ,1004 ,2010 2028 3007 ,1001 2004 2009 ,1034 1001 ,17
17743,,,,2009 3006 3011 ,,57
17787,,,,2006 3010 ,,24
17802,,,,1002 2001 ,,19
17864,,,1003 2005 3018 ,1009 2009 6000 ,1003 1014 1034 ,14
17890,,,,2009 6000 ,1003 ,25
17892,,,,2009 3011 ,,15
17918,,,,2009 4000 ,,64
17946,,,,1002 2009 ,,38
17950,1005 ,1003 ,1001 1003 1008 ,1011 2004 2009 ,1028 1009 1034 ,66
17953,,,,2006 2009 ,,28
18020,,,,2001 2009 ,1032 ,14
18023,,,,1002 2009 ,,19
18126,,1019 ,1019 2001 2026 ,,1008 1009 1014 ,209
18132,2026 ,1019 ,2010 2026 2030 ,1018 2009 3009 ,1034 1003 ,675
18138,,,,2009 3009 ,,14
18140,,,,2001 ,1009 1011 1014 ,45
18183,1004 ,,,1011 2009 ,,28
18204,,,,2005 3010 ,,11
18278,,,,1002 1010 ,,19
18320,3020 ,1013 ,1013 2021 3020 ,1003 2004 2009 ,1001 1032 ,40
18324,3017 ,,1022 2008 2010 ,1008 2004 2009 ,1034 1009 1001 ,61
18327,8012 ,1001 ,1003 1019 ,1002 2009 3006 ,1010 ,2145
18352,3005 ,,,1004 1018 ,1022 1039 1010 ,74
18366,,,,1011 2009 ,,17
18386,,,,1002 2009 ,1032 ,155
18403,,,,1004 1008 ,1032 ,46
18425,,,,2009 4000 ,,518
18430,,2016 ,1011 1019 2016 ,1002 6000 ,1009 1028 ,20
18440,,,,2004 2009 ,,12
18480,3003 ,2003 ,,1002 1009 2004 ,1017 1034 ,12
18496,,,,2009 4000 6000 ,,132
18505,,,,1002 3006 ,,81
18546,2013 ,2015 ,2008 2026 2029 ,1002 2009 3010 ,1014 1032 1001 ,34
18574,,,,1008 2004 2009 ,1001 1034 1008 ,44
18624,,,,1008 2004 2009 ,,35
18648,,,,2009 ,,10
18652,,,,1002 2009 3006 ,1010 1034 ,45
18653,,,,1004 2009 ,,12
18729,2009 ,,2008 2010 2015 ,2001 2009 3010 ,1034 1001 1003 ,124
18776,,,,1002 2009 ,,42
18797,1003 ,1003 ,1003 ,1004 2004 3010 ,1014 ,56
18856,3004 ,,2008 2015 ,1018 2002 2009 ,1003 1014 1015 ,97
18897,,,,1002 1011 ,,85
18905,,,,1011 3010 ,,23
18950,3018 ,,,1018 2002 3006 ,1014 1005 ,27
18993,,,,2004 2009 ,,94
18998,,,,1004 ,,46
19021,,,,1011 2009 ,,46
19074,,,,1011 3010 ,,20
19103,,,,1001 1002 ,,24
19116,,,,1008 3006 ,,32
19144,3012 ,,,1004 2006 2009 ,1004 1033 1034 ,21
19159,3007 ,2004 ,1022 2004 2008 ,2004 2009 3006 ,1024 1032 1034 ,21
19198,3005 ,2010 ,1003 1019 2010 ,2009 3010 6000 ,1008 1030 1034 ,30
19200,,,,3006 4002 ,,49
19279,4009 ,4002 ,1003 2008 2010 ,1004 2009 3006 ,1014 1034 1011 ,17
19318,,,,1002 1004 1011 ,1015 1010 1032 ,66
19323,3003 ,,,1002 2009 ,,12
19325,,,1019 ,1011 2004 2009 ,1009 1014 ,36
19333,,,,1002 1011 ,,11
19342,,,,2009 3006 ,,38
19351,,,,2009 3006 ,,17
19412,,,,2009 3010 ,,14
19553,,,,1002 2009 ,,12
19586,,,,1004 6000 ,,10
19592,,,,,1032 ,31
19596,,,,2004 2009 ,,23
19605,8000 ,8000 ,,2002 2009 ,1032 ,112
19611,3005 ,,1019 2008 2010 ,2009 3006 3010 ,1034 1008 1014 ,14
19620,,,,1011 2004 4000 ,1009 ,16
19626,,,,2004 2006 2009 ,1034 1001 1014 ,21
19642,1014 ,1022 ,,,,10
19685,,,,1002 2009 ,1032 ,10
19690,1009 ,1009 ,1012 2010 2019 ,1011 2004 2009 ,1034 1036 1011 ,99
19691,,,,2009 4000 ,,38
19713,,,,1002 2009 ,,27
19718,,,,1003 2009 ,1032 ,19
19735,,,,1011 3010 ,,99
19750,,,1019 2008 ,1004 2009 ,,39
19775,,,,2009 ,1034 ,32
19797,,,,1011 2008 ,1032 ,65
19866,,,,1011 3006 ,,24
19870,,,,4000 6000 ,,14
19915,3003 ,2016 ,2010 2016 3003 ,1010 2009 4000 ,1014 1034 ,22
19984,,,,2009 3006 ,1032 ,16
19999,,,,2009 6000 ,1032 1034 1009 ,1326
20000,,,,2009 4000 ,,10
20030,,,,1004 6000 ,,61
20043,,,,3006 3010 ,,11
20073,,,,1002 3006 ,,70
20079,3019 ,,,1002 2009 ,,173
20086,,,,2009 6000 ,,35
20091,,,,1004 6000 ,1032 ,46
20099,,,,1002 2001 ,,25
20108,,,,2004 3006 ,1003 ,61
20109,3008 ,3001 ,1003 2008 3006 ,1007 4000 6000 ,1015 1024 1009 ,755
20132,1024 ,1013 ,,,,15
20191,,,,2009 4000 ,1032 ,278
20196,3018 ,,,1018 2009 4000 ,,28
20200,,3015 ,2001 2005 3015 ,,1003 1015 1036 ,1513
20242,2015 ,,1013 1014 2015 ,1011 2009 3012 ,1032 1034 1009 ,10
20253,2010 ,1003 ,,2009 ,1003 ,1677
20260,,,,1002 1009 2009 ,1031 1033 1034 ,17
20269,,,,1004 2009 ,1032 ,356
20272,,2013 ,,,,29
20332,,,2008 2010 2029 ,1002 2004 2009 ,1009 1028 1032 ,28
20336,3006 ,1021 ,1012 3006 3007 ,1004 3004 ,1014 1017 ,11
20367,,,,1004 6000 ,1032 ,10
20385,,,1019 2008 2010 ,2002 2009 4000 ,1014 1032 1033 ,55
20416,,,,2004 2005 ,,21
20421,,,,1002 2009 ,,24
20479,,,,2009 3010 ,,49
20481,2004 ,,,2001 2009 3006 ,1034 1004 1019 ,34
20517,3002 ,1003 ,1003 2010 3002 ,1011 2006 2009 ,1034 1037 1001 ,23
20527,,,,2009 3006 ,,18
20578,,,,2002 2009 ,,33
20589,,,,3003 3006 ,1032 ,46
20610,2020 ,2003 ,2001 2003 3007 ,1009 2004 2009 ,1032 1037 1014 ,11
20649,,,,1004 2009 ,1003 ,19
20650,,,1022 2008 ,2005 3006 3010 ,,114
20658,,,1017 2008 3007 ,1018 2001 2009 ,1039 1030 1001 ,12
20740,,,,1002 2009 ,,120
20763,,,,1011 2004 ,,41
20765,3022 ,1022 ,,,,24
20794,,,,3006 3010 ,,62
20799,3018 ,2016 ,2008 2010 3018 ,1002 1004 1011 ,,21
20803,,,,1002 3006 ,,13
20818,,,,2009 4000 ,,21
20828,3007 ,,,,,15
20833,3020 ,2002 ,2001 2010 3020 ,2006 3001 4000 ,1032 1036 1014 ,10
20863,3002 ,2008 ,1003 2008 3002 ,1004 3006 3013 ,1010 1018 1022 ,35
20892,2020 ,1003 ,1003 2008 2010 ,1002 2004 3006 ,1014 1037 1009 ,383
21003,,,2008 2010 ,1009 2004 2006 ,1032 1033 ,11
21071,,,,1004 6000 ,,54
21077,,,,1010 2009 ,,96
21097,,,2008 3007 3018 ,1002 2009 3006 ,,734
21119,1014 ,1022 ,1004 1022 ,1001 1002 1008 ,1008 1010 1034 ,208
21178,3019 ,,1019 2010 3018 ,1011 2009 4000 ,1009 1034 1014 ,212
21188,,,,2021 4000 ,,50
21251,,,,1004 1011 ,1032 ,94
21270,3007 ,2028 ,1003 2008 2010 ,1011 2009 4000 ,1034 1001 ,58
21301,,,,2001 3006 ,,98
21316,1013 ,1013 ,,1004 2006 3006 ,1004 1033 1036 ,16
21333,,,,1011 2009 ,,93
21344,3018 ,,1003 ,1011 2009 4000 ,1003 1014 1015 ,1692
21350,,,,1011 2004 2009 ,1034 ,118
21397,,,,1002 6000 ,,46
21437,3005 ,1022 ,1003 1022 ,1013 2009 3022 ,1010 1014 1001 ,60
21440,,,,1002 1004 ,,38
21476,1009 ,2010 ,1009 1014 2010 ,2009 3006 4000 ,1022 1033 1034 ,63
21503,2004 ,3019 ,1019 2004 2015 ,2002 2009 3010 ,1034 1072 1001 ,17
21521,,1003 ,1003 1019 2008 ,2001 2009 3006 ,1014 1032 1010 ,34
21574,1012 ,2008 ,1012 1018 2008 ,1002 1004 2009 ,1034 1001 ,22
21585,2005 ,1013 ,2005 2010 2019 ,1002 1004 2009 ,1019 1032 1010 ,26
21605,,,1019 1022 2010 ,2002 2009 4000 ,,108
21623,,,,1004 1011 ,1032 ,33
21643,,,,1002 1008 ,1032 ,35
21732,,,,1002 3010 ,1032 ,12
21761,3020 ,,1011 2026 3020 ,2004 2009 3010 ,1009 1032 1034 ,69
21786,,,,1004 2009 4001 ,,238
21787,,,,2009 6000 ,1032 ,11
21788,,,,1002 1010 ,,12
21826,8021 ,8021 ,,,,1372
21881,2010 ,2019 ,2008 2010 2019 ,1005 2004 2009 ,1028 1032 1001 ,138
21892,1004 ,1022 ,1019 1025 1026 ,1002 2009 3006 ,1003 1034 ,51
21915,1004 ,1022 ,,1002 1011 ,,21
21954,2009 ,,2004 2010 ,1004 2001 2009 ,1001 1032 1014 ,13
21967,,,,1004 ,,42
21982,,,2008 2010 2022 ,1018 2001 2009 ,1034 1014 1015 ,21
22003,3017 ,8011 ,,,1003 1022 1034 ,27
