CommentID,userID,shopID,shopDistrID,tasteScore,enviScore,serviceScore,hygieneScore,moneyScore
76739,16347,13970,1019,5,5,4,5,4
123619,16347,13970,1019,5,4,4,5,4
69895,16347,7784,2010,4,5,5,5,4
158215,16347,14605,1019,4,4,4,5,4
137974,16347,15765,1022,5,4,2,3,4
50038,16347,11741,1019,4,5,4,4,4
76640,16347,12063,1019,4,4,3,5,4
77204,16347,5286,1019,4,4,4,3,4
1859346,16347,20089,2010,4,3,4,4,3
158214,16347,12932,1019,3,4,2,4,2
76652,16347,12330,1019,3,3,2,4,3
77193,16347,11615,1022,2,4,4,3,3
45342,16410,12425,1003,5,5,4,5,5
30214,16410,9967,1003,5,3,5,4,5
43946,16410,12413,1014,5,3,5,4,4
35057,16410,11624,2008,5,3,4,4,5
30209,16410,1817,2029,5,3,4,4,5
44882,16410,10159,1019,5,3,4,4,4
37036,16410,1031,2008,5,3,4,4,4
1965226,16410,494,1003,4,4,5,5,4
1952857,16410,628,1019,4,4,5,5,4
154651,16410,18271,1014,5,3,4,4,3
62679,16410,13026,4010,5,3,3,3,5
44117,16410,1491,1022,5,3,4,3,4
27448,16410,436,2010,5,4,4,3,3
1983852,16410,18719,1023,4,4,5,5,3
1903116,16410,12983,1003,4,4,4,5,4
1903113,16410,10072,1003,5,2,4,3,4
186369,16410,1171,2008,4,4,5,4,4
186167,16410,3048,1003,4,4,4,4,5
178855,16410,18271,1014,5,2,4,3,4
154621,16410,10215,1022,5,3,4,3,3
154635,16410,628,1019,4,4,4,5,4
137325,16410,1171,2008,4,4,5,4,4
93008,16410,5986,4004,4,4,5,3,5
64669,16410,13272,3002,5,3,3,3,4
53916,16410,13272,3002,5,3,3,3,4
49740,16410,12759,3002,5,3,3,3,4
27836,16429,1507,1011,5,5,5,5,5
96253,16429,3715,2008,5,5,5,5,4
45351,16429,9769,2008,5,5,5,5,4
39718,16429,63,1017,5,5,4,5,5
27001,16429,10392,2008,5,5,5,5,4
100103,16429,14357,1019,5,5,4,5,4
59756,16429,10313,1022,5,4,4,5,5
41070,16429,8206,1017,5,5,5,5,3
40757,16429,11870,1019,5,5,5,4,4
37038,16429,3666,2008,5,5,5,4,4
30963,16429,1484,1017,5,5,5,5,3
28468,16429,28468,10392,5,5,5,4,4
25065,16429,1911,2028,5,4,5,5,4
23968,16429,10791,1019,5,5,5,4,4
23241,16429,10167,1019,5,5,4,5,4
43296,16429,11563,1019,5,5,4,4,4
42612,16429,11125,1004,5,3,5,4,5
38679,16429,6161,1022,5,5,4,5,3
35314,16429,10473,3017,5,5,4,4,4
29113,16429,6702,3006,5,4,4,4,5
28451,16429,8802,1019,5,4,5,4,4
24935,16429,7037,2028,5,4,5,4,4
23548,16429,9972,1019,5,4,4,5,4
134415,16429,16173,1022,5,4,4,4,4
109546,16429,5794,2008,5,4,4,4,4
95724,16429,15114,1019,5,5,3,4,4
95718,16429,2619,1019,5,5,4,4,3
48898,16429,11596,1019,5,4,4,5,3
46013,16429,1084,1019,5,4,4,4,4
23691,16482,23691,10215,5,5,5,5,5
23680,16482,23680,10215,5,5,5,5,5
23528,16482,10215,1022,5,5,5,5,5
23503,16482,23503,10172,5,5,5,5,5
26985,16482,26985,5182,5,5,4,5,4
26917,16482,5182,1019,5,4,4,5,4
22116,16482,7907,2010,5,2,4,5,5
22131,16482,904,2020,5,4,3,3,5
21953,16482,6035,2001,5,4,3,5,3
22539,16482,3970,1003,4,5,4,5,4
74069,16482,12382,2001,4,4,4,4,5
60464,16482,13578,2026,4,3,4,5,5
30496,16482,11063,1019,4,4,5,5,3
24406,16482,5966,2008,4,4,4,5,4
67725,16482,10272,1022,4,4,4,4,4
53751,16482,11571,1004,4,4,4,5,3
39435,16482,574,2002,4,4,4,4,4
33001,16482,5182,1019,4,4,4,4,4
27494,16482,8095,2010,4,4,4,4,4
27409,16482,9988,1003,4,4,4,5,3
27249,16482,27249,5182,4,4,4,4,4
26659,16482,3599,2008,4,5,4,5,2
32678,16495,9980,1003,5,5,5,5,3
32308,16495,10157,1022,5,3,5,4,4
22285,16495,7579,2010,5,4,4,4,4
32675,16495,1814,1003,5,3,4,3,3
154288,16495,15648,1010,5,3,3,3,3
1909730,16495,16064,1003,4,3,4,3,4
117123,16495,13292,2010,3,4,4,4,3
69934,16495,13649,1019,4,3,3,3,2
32676,16495,8506,2008,3,4,4,4,3
21898,16495,1632,3003,3,2,3,3,3
1909726,16495,7829,3018,2,4,4,3,3
22286,16495,9780,2011,2,2,2,2,4
22165,16542,3608,1010,5,5,3,4,4
42669,16542,10739,1011,5,3,3,4,3
22163,16542,10318,1019,4,4,5,4,4
22164,16542,9765,3007,4,4,5,3,4
41844,16542,5522,1003,5,2,3,3,3
42919,16542,650,1021,4,3,4,3,4
134592,16542,11020,1001,4,2,4,3,4
43403,16542,11175,1011,4,3,5,3,2
47017,16542,2842,1019,4,4,3,2,3
43017,16542,267,1008,4,3,2,3,4
22166,16542,5041,1019,3,4,3,4,4
42396,16542,5233,1003,3,3,4,3,4
43018,16542,4010,1008,4,2,2,2,3
22213,16542,9645,1019,3,3,4,3,3
157070,16542,8727,1019,3,3,3,3,3
134588,16542,15652,1003,3,3,3,3,3
43687,16542,4123,1008,3,2,3,2,5
22334,16542,10513,1003,3,4,3,3,2
134584,16542,3806,1003,2,3,4,3,3
143201,16542,14803,1019,2,3,4,2,3
79288,16542,13172,1023,2,3,3,3,3
149657,16542,10053,1019,3,3,2,1,1
22502,16576,22502,9309,5,5,5,5,5
22325,16576,2938,2008,5,5,5,4,4
22388,16576,228,1002,5,5,3,4,3
22324,16576,9309,2016,5,4,3,4,4
22317,16576,1507,1011,5,4,3,5,3
22316,16576,9887,2019,4,3,4,5,5
23923,16576,690,2008,4,4,4,3,3
23922,16576,7434,2002,4,3,4,3,4
22440,16576,468,2013,4,1,3,4,5
22321,16576,3419,2008,4,4,4,3,2
22439,16576,90,2028,4,1,3,3,5
22318,16576,61,2002,2,5,2,4,3
22319,16576,2366,3006,2,2,3,3,2
22605,16576,10605,3020,2,4,1,3,1
22320,16576,1548,2029,2,1,3,2,3
22323,16576,9780,2011,2,2,1,3,2
22374,16595,10126,3020,5,5,4,5,3
77346,16595,4155,2001,4,3,4,4,4
153295,16595,15903,2010,4,4,3,3,4
105805,16595,13954,3012,4,3,3,3,5
75592,16595,5966,2008,4,3,3,5,3
75594,16595,12982,2010,4,4,4,4,2
67676,16595,10154,2001,4,3,3,3,5
54990,16595,13326,2006,4,2,4,3,5
52021,16595,10563,2010,4,4,3,4,3
158411,16595,14690,2026,4,3,4,3,3
103949,16595,8662,3003,4,3,4,3,3
76256,16595,11004,2008,4,4,4,3,2
153318,16595,17546,2010,4,3,4,3,2
103945,16595,8044,2001,4,2,3,2,5
82067,16595,10077,2008,3,4,4,4,4
54992,16595,677,2008,4,4,4,3,1
103964,16595,261,2001,4,3,3,3,2
103961,16595,11231,2008,3,4,4,4,2
97637,16597,3459,1022,5,5,5,5,5
25035,16597,10196,3018,5,5,5,5,5
101194,16597,12184,2008,5,5,5,5,4
53106,16597,3599,2008,5,4,5,4,4
22436,16597,9846,1019,5,4,5,5,3
167689,16597,9869,2008,5,3,4,4,5
53190,16597,5301,2008,5,4,4,4,3
97636,16597,10287,3007,4,4,4,4,5
22405,16597,596,3005,4,4,4,5,4
168016,16597,3023,1001,5,3,3,3,3
56415,16597,9809,1022,4,4,5,4,3
39085,16597,244,2008,4,4,3,5,4
34666,16597,8745,3003,4,4,5,4,3
22430,16597,10585,3005,4,4,5,4,3
22410,16597,3897,3005,4,4,3,4,4
22403,16597,2790,2030,4,4,4,4,3
24241,16597,8774,3003,4,4,3,4,3
23414,16597,8288,1019,4,4,4,4,2
22408,16597,3189,3005,4,3,3,4,4
34430,16597,10735,2010,4,3,3,4,3
22451,16597,3702,3018,4,3,4,4,2
22407,16597,158,3005,4,4,3,4,2
22383,16597,6274,3005,4,3,4,4,2
55556,16597,12477,2008,4,3,3,3,3
25513,16597,25513,8774,4,4,2,4,2
22416,16597,8476,3005,4,3,2,3,4
22399,16597,7766,3005,4,3,2,4,3
31751,16599,31751,11439,5,5,5,5,5
31745,16599,11439,1003,5,5,5,5,5
31319,16599,31319,3756,5,5,5,5,5
30838,16599,3756,2008,5,5,5,5,5
30586,16599,30586,1846,5,5,5,5,5
30585,16599,4106,2010,5,5,5,5,5
30604,16599,3919,2010,5,5,5,5,5
30202,16599,9734,1019,5,5,5,5,5
30030,16599,30030,63,5,5,5,5,5
29495,16599,63,1017,5,5,5,5,5
29287,16599,29287,10877,5,5,5,5,5
29285,16599,29285,9670,5,5,5,5,5
29161,16599,29161,4041,5,5,5,5,5
29164,16599,3155,1019,5,5,5,5,5
29160,16599,10877,1003,5,5,5,5,5
29110,16599,2991,3007,5,5,5,5,5
29105,16599,29105,9670,5,5,5,5,5
28533,16599,6451,3007,5,5,5,5,5
28534,16599,9670,2005,5,5,5,5,5
28265,16599,6531,3018,5,5,5,5,5
28157,16599,4041,2030,5,5,5,5,5
27487,16599,27487,557,5,5,5,5,5
26522,16599,10520,2003,5,5,5,5,5
23855,16599,23855,10386,5,5,5,5,5
39667,16672,10838,2008,5,3,4,4,5
23779,16672,10344,2008,5,4,4,4,4
32755,16672,11438,1019,5,4,3,4,4
41542,16672,3816,2022,5,3,4,3,4
37280,16672,10865,1019,5,4,4,3,3
46748,16672,11948,2005,5,3,4,3,3
43805,16672,6327,1019,5,2,4,3,4
36275,16672,4116,1014,5,3,4,3,3
33019,16672,9785,1019,4,4,5,5,3
43577,16672,11948,2005,4,3,5,4,4
37841,16672,6952,3003,4,3,4,4,5
56471,16672,13168,2008,4,4,4,4,3
47160,16672,12324,1019,4,4,4,4,3
40274,16672,11718,2008,4,4,3,5,3
38145,16672,1921,2010,5,3,3,3,2
37920,16672,10348,1019,4,5,3,4,3
36343,16672,10684,2008,4,5,3,4,3
150757,16672,17389,1003,4,5,2,4,3
56826,16672,12676,2028,4,3,5,3,3
53347,16672,6610,1019,4,3,4,3,4
52137,16672,2477,1022,4,4,3,3,4
47077,16672,11438,1019,4,3,3,4,4
39488,16672,11861,1019,4,3,3,4,4
37843,16672,11752,2008,4,5,4,3,2
43782,16672,6929,1019,4,3,3,4,3
35565,16672,7345,1019,4,3,4,3,3
35188,16672,7687,1019,4,5,1,4,3
24619,16672,734,2001,5,2,3,3,1
100146,16692,2938,2008,5,4,5,5,4
1878661,16692,12383,1019,5,4,4,4,4
49153,16692,778,2008,5,4,4,4,4
1990838,16692,13761,2008,5,3,3,4,4
1857264,16692,12152,1026,5,3,4,3,4
1961129,16692,26359,1022,4,4,5,4,4
1945260,16692,26024,2015,4,4,4,4,5
1944041,16692,8555,2009,4,4,4,4,5
1936650,16692,3249,2008,4,4,4,4,5
147107,16692,12122,2010,4,4,5,4,4
60803,16692,10159,1019,5,3,4,3,3
57187,16692,3023,1001,5,3,3,3,4
2016514,16692,31167,1003,4,4,4,4,4
2013629,16692,31687,1019,4,4,5,4,3
2008547,16692,24443,8808,4,4,3,4,5
2000850,16692,31507,1001,4,4,4,4,4
1960578,16692,26358,2008,4,4,4,4,4
1943600,16692,22674,2008,4,4,4,3,5
1942678,16692,812,1022,4,4,4,4,4
1941727,16692,11855,1026,5,3,3,3,3
1870794,16692,13165,3006,4,3,4,4,5
1869543,16692,19916,1001,4,4,4,3,5
1864415,16692,3692,1003,4,4,4,4,4
1864026,16692,10646,1022,4,4,5,3,4
161960,16692,16643,1019,4,4,4,4,4
158486,16692,10776,1019,4,4,4,4,4
112101,16692,15114,1019,4,4,4,4,4
91326,16692,6208,1022,4,4,5,4,3
62176,16692,13740,1022,5,3,3,3,3
2105357,16700,24039,8888,5,4,4,4,3
23055,16700,6151,3012,5,3,4,4,4
27728,16700,10570,3007,4,4,4,4,4
2128636,16700,41191,2010,4,4,4,4,3
2005523,16700,18394,1022,4,4,4,4,3
173875,16700,16896,2001,4,4,4,4,3
145582,16700,12502,2008,4,3,3,4,3
121340,16700,7083,3002,4,4,3,3,3
117474,16700,13318,1001,4,3,4,3,3
1918748,16700,10961,2010,4,3,3,4,2
2105356,16700,25563,8801,3,4,4,4,3
2095622,16700,31716,7202,3,4,4,4,3
1975487,16700,7705,2029,4,2,4,2,2
2104097,16700,23962,8904,3,4,3,4,2
1927174,16700,542,2010,3,3,4,4,2
55638,16700,10153,2008,3,4,1,4,2
1940901,16700,13658,2002,2,4,4,4,1
1929899,16700,1411,1023,2,4,4,4,1
154899,16700,15080,2010,2,4,3,3,2
2104103,16700,25039,8908,2,2,3,4,2
39733,16710,5182,1019,5,5,5,5,4
41659,16710,574,2002,5,4,5,5,4
1915354,16710,23742,8808,5,5,4,5,3
27740,16710,1618,1003,5,4,4,4,4
27732,16710,7899,2010,5,3,4,3,5
23066,16710,10009,2028,5,4,4,4,3
42701,16710,5986,4004,4,4,5,4,5
39726,16710,3279,2008,5,4,4,4,1
27896,16710,3279,2008,4,5,4,5,3
23261,16710,9846,1019,4,5,4,5,3
22967,16710,6336,2008,5,4,4,4,1
77754,16710,11545,2001,4,4,4,4,4
46567,16710,11453,3015,4,4,4,4,4
42697,16710,732,2002,4,4,4,4,4
2152184,16710,49389,2001,4,3,4,4,4
1895919,16710,17762,2010,4,4,4,4,3
1895909,16710,18645,2003,4,4,4,4,3
56312,16710,5139,1003,4,4,3,4,4
46639,16710,11948,2005,4,3,5,4,3
40538,16710,6336,2008,4,5,4,5,1
28033,16710,10808,2002,4,4,4,4,3
26657,16710,5142,3007,4,4,4,4,3
25081,16710,5114,2008,4,5,4,5,1
95979,16710,402,2001,4,3,4,3,4
90569,16710,13861,2026,4,3,3,4,4
87536,16710,13922,2026,4,4,3,4,3
60452,16710,3718,2008,4,4,3,4,3
51542,16710,544,2008,4,3,4,3,4
175305,16763,15516,2008,5,4,4,4,4
1978529,16763,15516,2008,5,4,4,4,3
2083691,16763,16936,3006,5,3,4,3,4
168233,16763,11543,2001,5,3,4,3,4
2037817,16763,37729,1025,4,4,4,4,3
2024896,16763,31536,1014,4,3,4,4,4
1996646,16763,12751,2032,4,3,4,3,5
1979745,16763,2665,2008,4,4,4,4,3
1966400,16763,13693,1004,4,3,4,4,4
1960063,16763,849,2001,4,3,4,4,4
1958697,16763,12751,2032,4,3,4,3,5
1873310,16763,16653,2001,4,3,4,4,4
180871,16763,10577,1003,4,3,4,4,4
177781,16763,12478,1019,4,3,4,4,4
2104822,16763,21187,2008,4,4,3,4,3
2079201,16763,26318,2008,4,4,3,4,3
2079082,16763,15287,2008,4,3,4,4,3
2038865,16763,18034,1022,4,3,4,3,4
2034926,16763,17295,2002,4,4,3,4,3
2027875,16763,10246,1019,4,3,3,4,4
2010094,16763,1998,1003,4,3,4,4,3
2005018,16763,2998,2021,4,3,4,3,4
1999627,16763,11425,2011,4,3,4,3,4
1998795,16763,14335,2001,4,3,4,3,4
1987997,16763,10576,1001,4,4,3,4,3
1981982,16763,3553,2001,4,3,4,3,4
1963526,16763,10690,1022,4,3,4,4,3
158348,16763,18089,2021,4,2,4,4,4
63322,16777,4180,1008,5,5,5,5,5
24359,16777,274,1022,5,4,5,5,5
56771,16777,12104,1019,5,3,4,5,5
24726,16777,1868,1003,5,5,4,4,4
24373,16777,24373,7558,5,4,4,4,5
84194,16777,15842,1026,5,3,5,3,5
2133876,16777,31424,1019,5,4,4,4,3
31944,16777,9942,2005,5,4,3,4,4
103687,16777,11679,1022,5,3,3,3,5
103690,16777,6929,1019,5,3,3,3,4
51902,16777,10703,1019,4,5,4,5,3
24195,16777,10326,1022,5,3,3,2,5
52338,16777,12650,1022,5,3,3,3,3
24634,16777,10082,1019,4,4,2,5,4
27286,16777,7496,1026,4,3,3,3,4
24561,16777,2167,2008,4,3,4,4,2
25067,16777,8533,1022,4,2,4,2,4
23506,16777,23506,5096,4,3,1,4,4
23180,16777,5096,2008,4,3,2,4,3
66005,16777,223,1022,4,3,2,3,3
64347,16777,11674,1019,3,3,3,3,3
2092142,16777,14237,3007,2,2,3,3,1
105559,16777,15460,1022,1,3,3,3,3
63894,16777,12577,1022,2,1,2,2,2
27015,16777,1921,2010,1,2,2,1,1
2063303,16798,1506,1011,5,5,5,5,4
2163897,16798,47955,1002,4,5,4,4,4
2159495,16798,49026,1003,4,4,4,4,5
2147371,16798,10217,1010,4,5,4,4,4
1969943,16798,10217,1010,4,5,4,4,4
2106781,16798,21377,1019,4,4,4,4,4
2106567,16798,16165,3020,4,3,4,4,5
1969942,16798,16708,1019,4,4,4,4,4
1945207,16798,18785,3006,4,4,4,4,4
2143027,16798,5173,2008,4,4,3,4,3
2013299,16798,19348,2026,4,4,2,4,3
2021315,16798,24007,8888,4,4,2,3,3
2146143,16798,32076,1005,4,2,3,3,3
1976167,16798,26305,2026,3,5,2,3,3
2074748,16798,36076,3006,3,3,3,3,3
2069024,16798,39739,1022,3,3,3,3,2
1953806,16798,20995,3020,3,3,2,2,2
2159503,16798,49733,3020,48 for lunch plus 10%,Gyu Jin  (Tseung Kwan O),Recommended Dish(es):,Table Wait Time:,Date of Visit:,Spending per head:
2150490,16848,48493,2010,5,5,5,5,5
2150584,16848,26986,2001,5,5,5,5,5
2124371,16848,18220,2015,5,5,5,5,5
2118657,16848,40646,2001,5,5,5,5,5
2090071,16848,1793,2010,5,5,5,5,5
2065710,16848,778,2008,5,5,5,5,5
2057072,16848,17712,2010,5,5,5,5,5
2045897,16848,32495,2010,5,5,5,5,5
1931551,16848,21035,2008,5,5,5,5,5
45406,16848,9254,2010,5,5,5,5,5
31032,16848,9254,2010,5,5,5,5,5
28650,16848,1059,2008,5,5,5,5,5
28578,16848,3669,2008,5,5,5,5,5
27224,16848,9285,2015,5,5,5,5,5
26092,16848,10931,2030,5,5,5,5,5
25561,16848,1323,2006,5,5,5,5,5
24466,16848,9207,2010,5,5,5,5,5
2074971,16848,38796,2001,5,5,5,5,4
2016341,16848,15360,2026,5,5,5,5,4
2004979,16848,25935,2010,5,4,5,5,5
2002276,16848,2919,2008,5,4,5,5,5
1956750,16848,23462,2027,5,5,5,5,4
30817,16848,11245,2024,5,5,4,5,5
2089270,16848,31292,2002,5,4,5,5,4
2083961,16848,31995,3005,5,4,5,5,4
2019254,16848,1793,2010,5,4,5,5,4
2000661,16848,22639,2011,5,5,4,5,4
73237,16863,470,3002,5,4,5,4,5
80892,16863,14472,1004,5,3,5,4,5
73216,16863,10870,2010,4,3,3,3,4
75089,16863,12184,2008,3,4,1,3,2
100550,16863,10052,2008,3,4,3,1,1
25527,16863,10127,3007,3,4,1,3,1
1979355,16863,26876,4002,3,4,1,1,1
73223,16863,13578,2026,2,3,3,4,1
120453,16863,12982,2010,1,4,3,3,1
48295,16863,12568,2010,1,4,2,4,1
120419,16863,3436,2008,1,1,1,1,1
1963436,16872,14883,2008,5,5,5,5,5
1882669,16872,14883,2008,5,4,4,5,4
1882665,16872,14882,2008,4,4,4,5,3
1965261,16872,10078,3010,3,3,4,4,4
1963406,16872,10480,2008,3,4,4,4,3
1964102,16872,6794,3015,3,3,3,4,3
2069583,16872,42111,3022,3,3,3,3,3
1963399,16872,27094,3015,3,3,2,4,2
2053548,16872,26305,2026,3,3,1,2,3
1917504,16872,15635,2010,2,3,4,3,2
2204389,16872,54425,3015,1,3,3,3,1
23990,16874,10792,1009,5,4,5,5,4
1941767,16874,18070,1014,5,5,4,4,4
23956,16874,10563,2010,5,5,4,5,3
101855,16874,6626,1014,5,3,4,5,4
95433,16874,6780,1008,5,3,4,4,5
68380,16874,10215,1022,5,5,4,4,3
1908368,16874,13386,3007,5,4,3,4,4
79471,16874,2172,2008,5,3,3,4,5
70523,16874,13922,2026,5,4,4,4,3
24019,16874,5992,2019,5,4,4,4,3
23983,16874,1105,1019,5,4,4,4,3
1984473,16874,16899,2005,5,4,3,4,3
96221,16874,6337,1019,5,4,3,4,3
78584,16874,9781,1003,5,4,3,4,3
144629,16874,13288,2003,5,3,3,4,3
98433,16874,13328,1014,4,4,5,5,3
24541,16874,10348,1019,4,5,4,4,4
24180,16874,2848,1022,4,5,4,4,4
1914349,16874,4203,1003,4,4,5,4,3
1898548,16874,2084,1024,4,3,4,4,5
120299,16874,12944,1026,4,4,4,5,3
101897,16874,14381,1009,4,4,4,4,4
155254,16878,13780,1004,5,5,5,5,5
100109,16878,15364,2008,5,5,5,5,5
53078,16878,5213,2008,5,5,5,5,5
1888518,16878,13288,2003,5,4,5,5,5
173887,16878,15260,4002,5,5,5,4,5
158872,16878,12005,1021,5,5,5,5,4
152289,16878,12380,2008,5,5,5,5,4
148075,16878,2525,2026,5,4,5,5,5
143226,16878,594,2008,5,5,4,5,5
124342,16878,3245,2008,5,5,4,5,5
1933928,16878,1084,1019,5,5,5,4,4
1922503,16878,8772,3003,5,4,5,5,4
1873389,16878,5559,1001,5,4,5,5,4
180888,16878,15341,1003,5,5,4,5,4
165292,16878,14534,2008,5,5,5,5,3
157844,16878,10812,1019,5,4,5,4,5
153674,16878,17638,2003,5,4,4,5,5
153456,16878,17661,2008,5,4,4,5,5
148178,16878,16494,2008,5,4,5,4,5
147431,16878,15759,2008,5,4,4,5,5
142562,16878,9835,1003,5,5,4,5,4
129642,16878,5275,1003,5,5,4,5,4
124776,16878,16708,1019,5,4,5,5,4
1929492,16878,20174,2008,5,4,4,4,5
1890551,16878,10177,1009,5,4,4,5,4
1883575,16878,16171,2026,5,3,5,5,4
38759,16902,11983,2019,5,4,3,4,3
35275,16902,4216,2015,5,4,3,4,3
1988968,16902,426,3018,5,2,3,3,5
41943,16902,11336,2029,5,3,3,3,4
32856,16902,7738,1004,5,3,4,3,3
31497,16902,1491,1022,5,2,4,3,4
28049,16902,28049,468,5,3,3,3,4
27954,16902,27954,468,5,3,3,3,4
1988014,16902,25019,8816,5,3,3,3,3
43268,16902,10370,1022,5,2,4,3,3
43198,16902,1078,3001,5,3,3,3,3
42645,16902,7738,1004,5,3,3,3,3
36359,16902,36359,402,5,3,3,3,3
35278,16902,402,2001,5,3,3,3,3
24543,16902,10518,2019,5,2,3,3,4
1988012,16902,24435,8808,5,2,3,3,3
48772,16902,12846,1022,5,2,3,3,3
41192,16902,3553,2001,4,4,4,4,3
25567,16902,8802,1019,5,3,3,3,2
24921,16902,24921,10880,5,2,3,3,3
24793,16902,10880,2015,5,2,3,3,3
41941,16902,11543,2001,4,4,3,4,3
39376,16902,12047,1019,5,1,3,3,3
36662,16902,81,1022,4,4,3,4,3
25823,16902,10786,1019,4,4,4,5,1
25701,16902,10800,1019,4,4,3,4,3
25201,16902,10918,2019,5,2,2,3,3
2070441,16902,41865,1004,4,3,3,3,4
2180343,16941,2021,1003,5,5,5,5,5
2040373,16941,384,2015,5,5,5,5,5
1958178,16941,6201,2008,5,5,5,5,5
1939919,16941,21187,2008,5,5,5,5,5
1879795,16941,2938,2008,5,5,5,5,5
1870079,16941,3797,1003,5,5,5,5,5
23668,16941,7735,1003,5,5,5,5,5
2113295,16941,38194,2008,5,5,5,5,4
2001462,16941,30769,7101,5,5,5,4,5
1986274,16941,14483,1003,5,4,5,5,5
1964418,16941,494,1003,5,4,5,5,5
1916954,16941,911,2008,5,5,5,5,4
80981,16941,8914,1003,5,5,5,4,5
65364,16941,5847,1003,5,4,5,5,5
59001,16941,13180,2010,5,4,5,5,5
29571,16941,3096,2008,5,4,5,5,5
23665,16941,5966,2008,5,5,5,5,4
23663,16941,2659,1002,5,5,5,5,4
2193128,16941,1880,1011,5,5,4,4,5
2118911,16941,46514,1003,5,5,5,4,4
2079177,16941,39176,2008,5,4,5,4,5
2048809,16941,13359,1003,5,5,5,5,3
1974013,16941,22674,2008,5,4,4,5,5
1972257,16941,27123,1022,5,5,4,5,4
175670,16941,17229,1003,5,5,4,4,5
99862,16941,1085,2008,5,4,5,5,4
96577,16941,3589,3005,5,5,4,4,5
24010,16967,10723,2005,5,5,5,5,5
25109,16967,10897,2008,5,4,4,5,5
24475,16967,1149,3018,5,4,4,5,5
23820,16967,749,3003,5,4,4,5,5
2132055,16967,31574,2010,5,5,4,4,4
23721,16967,468,2013,5,4,4,4,5
2037243,16967,32231,2004,4,5,5,5,5
28705,16967,10304,2019,5,3,4,4,5
28690,16967,468,2013,5,3,4,4,5
2044343,16967,18826,2010,4,5,5,5,4
1947473,16967,20410,2029,4,4,5,5,5
24008,16967,7413,3005,4,5,4,5,5
2136210,16967,38366,2015,4,4,5,5,4
2037812,16967,14703,3003,4,4,4,4,5
26044,16967,10241,2008,4,4,4,5,4
26041,16967,3839,1019,4,4,4,5,4
2074363,16967,17826,2004,4,4,4,4,4
1958377,16967,23056,3003,4,4,4,4,4
1921231,16967,575,2008,4,4,4,4,4
1917515,16967,19958,2008,4,4,4,4,4
117125,16967,13299,3005,4,3,5,4,4
113227,16967,15707,3003,4,3,5,4,4
110351,16967,5096,2008,4,4,4,4,4
109960,16967,14612,2008,4,4,4,4,4
27096,16967,10723,2005,4,4,4,4,4
26696,16967,10383,3018,4,4,3,5,4
1958379,16967,18826,2010,4,4,4,4,3
107921,16967,14645,3005,4,3,4,4,4
25088,16968,25088,1737,5,5,5,5,5
24347,16968,1737,2008,4,5,5,5,4
25172,16968,90,2028,5,3,4,3,4
25777,16968,8044,2001,5,2,4,3,4
25521,16968,10955,2003,4,4,4,5,4
27768,16968,5522,1003,5,2,3,3,4
25717,16968,3676,2008,4,3,4,4,4
25252,16968,1102,2008,4,3,4,4,4
25086,16968,9945,2008,4,4,4,4,3
29740,16968,11127,2010,4,3,4,3,4
27253,16968,5966,2008,4,4,3,4,3
29741,16968,2810,2010,4,3,3,3,4
46870,16968,4017,1003,4,3,2,3,4
28835,16968,6632,2002,4,4,3,2,3
26692,16968,6777,1008,4,2,3,3,4
25775,16968,1615,2015,4,4,3,3,2
26754,16968,8284,1003,4,2,3,3,3
26693,16968,2504,1008,3,3,4,4,4
29743,16968,10918,2019,4,2,1,3,4
27717,16968,10974,2008,2,4,2,4,4
74388,16968,11704,2010,2,4,3,4,1
29158,16968,2670,2019,2,2,3,2,3
25087,16968,9962,2008,1,3,3,3,3
25251,16968,2559,2002,2,1,2,1,3
139657,16968,9780,2011,1,2,1,2,2
2177301,16983,14483,1003,5,5,5,5,4
52778,16983,10215,1022,5,5,5,5,4
38525,16983,574,2002,5,5,5,5,4
53189,16983,574,2002,5,5,5,5,3
51029,16983,3681,2008,5,5,5,5,3
49556,16983,574,2002,5,5,5,5,3
46439,16983,46439,9652,5,4,4,5,5
37218,16983,6702,3006,5,4,5,4,5
32659,16983,32659,10952,5,4,5,4,5
186818,16983,17547,1003,5,4,5,5,3
48435,16983,468,2013,5,3,5,4,5
51030,16983,9652,2008,5,3,3,5,5
49480,16983,2020,1003,5,4,4,4,4
48378,16983,10952,2013,5,3,5,3,5
44659,16983,5173,2008,4,5,5,5,5
161273,16983,17547,1003,5,4,4,4,3
53564,16983,778,2008,5,3,4,4,4
39245,16983,10952,2013,5,3,4,3,5
36353,16983,1507,1011,5,3,4,4,4
1951094,16983,18662,2028,5,3,4,2,5
147299,16983,12440,1003,5,3,4,4,3
103984,16983,11323,2008,4,5,4,4,5
95302,16983,2938,2008,5,4,4,4,2
44790,16983,9652,2008,5,3,4,4,3
74061,17031,9846,1019,5,4,4,4,4
100441,17031,6770,1008,5,3,3,4,5
68103,17031,875,1008,5,3,4,3,5
65951,17031,7951,1003,5,3,3,4,5
44969,17031,2910,3007,4,3,4,3,4
87464,17031,14744,2005,3,4,4,4,4
102271,17031,14454,1008,4,4,1,3,3
87463,17031,10744,2010,3,3,3,4,3
95027,17031,14645,3005,2,3,4,4,3
160861,17031,18533,2010,2,3,3,3,3
111149,17031,2109,1008,2,3,3,2,1
41033,17031,10350,1019,2,3,2,2,2
24016,17031,9780,2011,1,3,2,4,2
2176070,17033,26082,2010,4,4,5,4,4
1979308,17033,14642,1003,4,5,5,4,3
60825,17033,9869,2008,4,4,3,4,2
2121863,17033,3953,2019,4,2,3,3,3
2207365,17033,49147,1003,4,3,2,3,2
2176133,17033,51254,1019,3,3,4,4,3
1979334,17033,1441,2001,4,2,1,2,2
1970451,17033,15875,2010,3,3,2,3,3
1933011,17033,11175,1011,3,3,3,3,2
87111,17033,6952,3003,3,3,3,2,3
82289,17033,13899,3017,3,3,2,3,3
70389,17033,13276,2005,3,3,3,3,2
51828,17033,3540,2010,3,3,3,3,2
46234,17033,436,2010,3,3,2,3,3
23945,17033,61,2002,3,4,3,3,1
2198272,17033,37757,2015,3,2,1,3,3
2176059,17033,10577,1003,3,2,2,2,3
2172146,17033,5182,1019,3,3,2,3,1
1926248,17033,25230,1014,3,2,2,3,2
1867022,17033,10318,1019,3,4,1,3,1
2190684,17033,30643,1019,3,1,1,3,3
32823,17041,10392,2008,5,5,5,5,4
25183,17041,10392,2008,5,5,5,5,4
180074,17041,3537,2008,5,5,5,5,3
39552,17041,3387,2008,5,4,5,5,4
31728,17041,10009,2028,5,4,4,5,5
2166244,17041,26170,3018,5,3,4,5,5
1861914,17041,19413,2008,5,5,4,5,3
28846,17041,401,1001,5,3,4,5,5
101489,17041,11948,2005,5,3,5,4,4
31381,17041,11031,2028,4,4,5,5,5
25237,17041,1931,1014,5,4,4,4,3
24104,17041,3718,2008,5,4,4,4,3
24049,17041,10386,2008,4,5,4,5,5
37365,17041,9869,2008,4,4,4,5,4
31009,17041,932,1019,4,4,4,5,4
30865,17041,6362,2010,4,4,4,5,4
29866,17041,10641,2008,4,5,4,5,3
1983529,17041,26123,2028,4,4,5,4,3
31095,17041,9944,2015,4,4,3,5,4
30587,17041,11361,2010,4,3,4,4,5
26260,17041,9738,2003,4,4,5,4,3
24707,17041,24707,10386,4,5,4,4,3
24133,17041,9945,2008,4,4,4,4,4
24005,17041,10561,2028,4,3,4,4,5
2023885,17041,19972,2008,4,4,4,4,3
44985,17041,10567,1003,4,3,3,4,5
44033,17041,1233,2028,4,3,3,4,5
42570,17041,10561,2028,4,4,3,4,4
42171,17041,11948,2005,4,3,5,3,4