1565	19	1999-12-28	2028	2021	1033	5,3,3,3,5
1565	517	1999-12-28	2008	4000	1011	5,5,4,5,4
1565	388	1999-12-27	2010	2007	1010	1,2,3,2,2
1571	513	2000-09-26	1019	4000	1008	1,3,1,2,1
1571	2690	1999-12-27	1019	3006	1006	2,4,4,4,3
1573	587	2000-01-15	2008	3001	1002	4,4,4,4,5
1576	3019	2001-01-30	3005	1002	1001	4,3,3,4,5
1580	1448	2000-01-12	1019	4000	1010	4,4,3,3,5
1580	1448	2000-01-12	1019	4000	1010	4,3,3,3,5
1591	7552	2000-10-23	1019	3010	1006	5,5,5,5,4
1592	99770	2012-08-27	1010	1002	1001	3,4,5,4,4
1592	49749	2012-03-26	2010	1004	1009	1,1,1,1,1
1592	92715	2012-03-25	2010	1004	1009	3,4,4,3,3
1592	7609	2000-12-04	1019	2009		5,4,5,5,4
1596	62	2000-10-08	1022	1010	1001	3,3,3,4,3
1596	775	2000-08-26	2002	1010	1001	3,3,2,4,2
1596	934	2000-08-26	1022	2009	1026	4,3,3,3,3
1596	2676	2000-08-26	2028	1010	1001	3,3,3,3,5
1596	62	2000-08-26	1022	1010	1001	3,3,3,3,4
1596	3249	2000-08-26	2008	1010	1001	4,3,4,3,2
1596	934	1999-12-30	1022	2009	1026	4,3,3,2,3
1596	2659	1999-12-30	1002	6000	1006	4,5,4,4,2
1596	4064	1999-12-28	1019	1011	1005	4,3,4,4,3
1596	5897	1999-12-28	2001	2009	1026	1,2,3,2,3
1596	1423	1999-12-28	1019	1018	1001	4,3,4,4,3
1596	465	1999-12-28	1019	1010	1001	4,4,3,3,5
1599	6388	2000-02-11	1003	4000	1006	5,5,5,5,3
1599	5940	2000-02-11	2008	6000	1011	5,5,5,5,5
1601	3641	1999-12-28	3002	1004	1006	2,3,1,1,2
1601	5325	1999-12-28	3002	1004	1016	5,2,3,5,5
1602	2836	1999-12-30	3005	1002	1001	5,4,5,4,4
1602	2316	1999-12-29	1019	2001	1019	4,4,3,4,4
1602	2988	1999-12-29	1003	2009	1011	4,5,5,5,2
1602	3035	1999-12-29	1019	2005	1010	4,3,3,4,4
1602	228	1999-12-29	1002	4000	1006	4,5,4,4,4
1602	436	1999-12-29	2010	1005	1001	4,2,3,3,5
1602	4044	1999-12-29	1019	2004	1006	4,3,4,4,4
1602	823	1999-12-29	2008	1009	1001	4,3,4,4,5
1602	1615	1999-12-29	2015	2009	1034	4,3,3,3,4
1602	2936	1999-12-29	2008	4001	1003	3,4,4,4,2
1602	143	1999-12-29	1003	2009	1034	5,4,4,4,5
1602	2915	1999-12-29	2015	2009	1011	5,5,4,4,4
1602	4060	1999-12-29	1019	3010	1003	5,4,4,4,5
1602	2657	1999-12-29	1019	1011	1001	4,3,3,3,4
1602	2021	1999-12-29	1003	4000	1003	5,5,5,5,3
1602	63	1999-12-29	1017	3010	1006	5,5,5,4,3
1602	1418	1999-12-29	1010	4000	1006	3,5,4,3,4
1602	3865	1999-12-28	2008	2009	1011	5,5,5,4,3
1603	52892	2011-07-26	2008	2009	1005	4,3,3,3,2
1603	6203	2010-08-15	1019	3006	1006	4,4,3,4,5
1603	46741	2010-08-15	1019	2009	1001	4,3,2,4,4
1603	18870	2010-06-07	3020	1004	1001	1,2,2,2,1
1603	11313	2009-06-21	3020	2001	1019	
1603	13761	2009-05-24	2008	2009	1037	3,3,3,4,2
1603	23512	2008-12-07	1019	2009	1031	4,3,5,5,3
1603	18592	2008-03-30	1004	2009	1026	1,3,5,4,1
1603	20849	2008-01-25	1004	2005		3,2,1,4,2
1603	15216	2007-03-18	1019	2009	1021	1,3,1,4,1
1603	15842	2006-08-06	1026	2005	1010	3,1,1,4,1
1603	3612	2002-06-24	1022	4000	1010	1,2,2,3,1
1603	6335	2000-01-18	1019	1011	1001	4,3,3,5,5
1603	3055	1999-12-28	2008	2009	1005	4,3,4,4,4
1604	7742	2001-08-30	2008	2009	1021	4,5,4,5,1
1604	2613	2001-08-08	2002	4000	1006	2,3,3,4,3
1604	2696	2001-06-29	2010	1004	1003	2,3,3,3,3
1604	203	2001-06-22	2008	4000	1008	4,4,5,5,4
1604	8111	2001-06-10	1001	4000	1008	5,3,5,5,5
1604	7494	2001-02-21	1003	4000	1008	3,3,4,4,2
1604	203	2001-02-10	2008	4000	1008	4,5,5,5,4
1604	1139	2001-02-07	2015	1004	1006	1,2,2,2,1
1604	359	2001-01-24	1019	1002	1015	4,3,4,3,5
1604	7021	2001-01-07	3014	1004	1006	4,3,3,3,5
1604	6368	2001-01-04	1019	4000	1008	5,4,4,4,4
1604	7299	2001-01-02	1003	1004	1008	1,2,3,3,1
1604	6626	2000-12-29	1014	4000	1008	1,3,5,3,2
1604	5414	2000-12-28	2008	2009	1005	2,2,2,1,2
1604	7603	2000-12-28	1019	4000		2,2,4,3,3
1604	242	2000-12-21	2001	4000	1008	4,4,2,4,4
1604	6626	2000-12-09	1014	4000	1008	4,3,5,4,4
1604	7494	2000-12-09	1003	4000	1008	5,3,5,5,3
1604	5358	2000-10-20	1019	2009	1008	3,3,3,3,2
1604	6418	2000-10-01	1003	3006	1006	4,5,5,5,4
1604	6209	2000-10-01	1003	3011	1006	4,5,5,4,5
1604	2932	2000-09-08	3007	4001	1006	1,2,1,2,1
1604	2586	2000-08-28	1022	6000	1006	4,5,3,4,3
1604	6632	2000-08-11	2002	4000	1008	2,4,3,3,2
1604	6715	2000-08-11	1019	4001	1008	4,4,5,4,3
1604	784	2000-08-11	1001	4000	1008	5,5,5,5,5
1604	5887	2000-08-07	2008	2009		1,4,3,3,1
1604	6293	2000-08-07	1019	4000	1006	4,5,5,5,5
1604	576	2000-06-16	1011	4001	1003	4,5,5,4,3
1604	6716	2000-06-15	1003	4001	1008	2,2,4,4,2
1604	6715	2000-06-12	1019	4001	1008	5,5,4,4,3
1604	236	2000-06-06	1003	4000	1008	4,3,3,4,3
1604	6061	2000-06-05	3007	2009	1005	3,4,4,4,3
1604	6410	2000-06-01	1019	4000	1006	2,3,3,3,2
1604	2413	2000-06-01	1003	2009	1019	5,5,5,4,3
1604	3857	2000-05-30	1003	4000	1008	1,4,4,3,2
1604	5915	2000-05-28	1022	4000	1006	2,5,4,3,3
1604	6337	2000-05-04	1019	1004	1006	2,4,5,3,2
1604	374	2000-04-26	2002	2002	2004	3,3,3,3,3
1604	576	2000-04-26	1011	4001	1003	4,4,5,4,3
1604	1651	2000-04-11	2002	4000	1006	3,2,2,4,4
1604	6164	2000-04-04	1001	4001	1008	3,3,3,3,4
1604	3606	2000-03-24	1014	4000	1006	5,5,5,5,3
1604	3411	2000-03-21	2009	4000	1008	3,5,5,4,3
1604	3411	2000-03-20	2009	4000	1008	3,5,5,5,3
1604	6120	2000-03-18	1001	3006	1006	2,3,1,4,2
1604	236	2000-03-13	1003	4000	1008	2,3,2,4,2
1604	851	2000-03-11	2008	1004		4,4,5,4,3
1604	5301	2000-03-03	2008	2009	1005	5,3,5,4,3
1604	3159	2000-02-15	1001	1002	1010	4,3,3,4,5
1604	3783	2000-01-21	2008	4001	1006	5,5,4,5,2
1604	5669	2000-01-20	2008	2002		3,3,3,2,3
1604	202	2000-01-20	1019	4000	1008	4,5,3,4,4
1604	1549	2000-01-20	1022	1004	1009	4,3,3,3,4
1604	5683	2000-01-18	1019	1004	1015	3,2,2,2,2
1604	5189	2000-01-18	1019	1008	1021	4,3,3,4,4
1604	784	2000-01-18	1001	4000	1008	3,4,4,4,3
1604	3008	2000-01-18	1008	4000	1003	5,4,4,3,4
1604	2779	2000-01-12	1001	1002	1001	4,4,4,4,5
1604	5807	2000-01-12	2010	1004	1009	4,2,3,2,4
1604	5521	2000-01-12	2008	1004	1009	4,3,4,4,3
1604	4180	2000-01-12	1008	1002	1014	2,2,3,2,1
1604	2504	2000-01-12	1008	4000	1006	1,2,1,2,2
1604	2858	2000-01-12	2008	1004	1006	4,4,2,4,3
1604	1993	2000-01-12	2008	1004	1009	3,2,3,2,2
1604	1772	2000-01-12	2010	2009	1005	2,4,2,4,3
1604	5239	2000-01-12	2008	1004	1014	5,3,4,4,4
1604	1448	2000-01-12	1019	4000	1010	4,5,5,4,3
1604	247	2000-01-07	2028	4000	1011	4,4,4,5,5
1604	90	2000-01-05	2028	1004	1009	5,3,4,2,3
1604	1997	2000-01-05	1022	4000	1006	1,1,1,1,1
1604	97	2000-01-03	2008	3001	1008	4,3,4,5,4
1604	5339	2000-01-03	2008	2007		1,2,1,2,2
1604	236	2000-01-03	1003	4000	1008	4,4,5,4,3
1604	2696	2000-01-03	2010	1004	1003	5,1,2,5,4
1604	1101	2000-01-03	3018	1004	1014	1,2,3,1,3
1604	374	2000-01-03	2002	2002	2004	5,4,3,5,4
1604	852	1999-12-28	2008	1004		5,3,5,4,4
1606	88	1999-12-29	2008	3010	1006	5,4,5,5,3
1617	109255	2012-08-21	1019	4000	1015	3,3,1,2,2
1617	95613	2012-08-20	1026	1004	1072	4,3,4,3,2
1617	7656	2012-08-12	1019	4000	1006	3,4,4,4,3
1617	17541	2012-08-10	2003	1002	7	4,4,4,4,4
1617	35548	2012-02-23	2010	1009	1006	3,2,1,3,4
1617	18512	2011-11-22	4002	4000	1014	3,5,4,4,3
1617	21970	2011-11-22	2019	1002	1013	1,3,3,3,2
1617	51231	2011-11-22	1001	3010	1006	2,4,4,3,3
1617	23108	2011-11-22	3018	4001	1007	3,3,3,3,3
1617	23607	2011-11-18	3018	1004	1018	4,3,3,3,4
1617	51091	2011-11-18	2026	1004	1007	3,3,3,3,3
1617	10016	2011-11-18	2008	4000	1015	3,4,3,3,3
1617	9121	2011-11-18	2024	1004	1007	2,3,3,3,3
1617	6505	2011-11-18	1003	4001	1007	3,3,3,3,4
1617	50191	2011-11-18	3007	3006	1002	3,3,3,3,3
1617	51075	2011-11-18	1003	2009	1024	4,4,3,3,3
1617	41706	2011-11-18	2026	1004	1007	3,3,3,3,3
1617	31097	2011-11-18	1011	4000	1003	4,3,4,4,4
1617	49353	2011-11-18	2008	1004	1014	3,3,3,3,3
1617	37745	2011-11-18	2008	4000	1027	3,3,4,4,3
1617	19148	2011-11-17	2031	1004	1003	3,3,3,3,3
1617	14037	2011-11-17	2016	1002	1005	3,3,3,3,3
1617	46218	2011-11-17	3018	1004	1003	3,3,3,3,3
1617	9249	2011-11-17	3018	4000	1003	3,3,3,3,3
1617	35548	2011-11-17	2010	1009	1006	4,3,2,3,3
1617	1325	2011-11-17	2013	1002	1001	3,3,3,3,3
1617	51634	2011-11-17	3017	1011	1001	3,3,3,3,3
1617	49029	2011-11-17	1003	4005	1003	4,4,4,4,3
1617	12005	2011-11-17	1021	4000	1008	2,3,4,3,2
1617	2643	2011-11-17	2008	4000	1008	3,4,4,4,3
1617	2605	2011-11-17	1003	4000	1008	4,4,3,3,3
1617	49516	2011-11-17	2008	6000	1006	4,4,4,4,3
1617	7668	2011-11-17	2010	1004	1006	3,3,3,3,3
1617	30745	2011-11-17	2005	1004	1014	4,3,4,4,3
1617	41455	2011-11-17	2026	4001	1007	3,3,3,3,3
1617	14506	2011-10-17	1003	2009	1007	3,3,3,4,3
1617	47566	2011-10-17	2013	1004	1009	4,3,3,4,4
1617	19209	2011-08-16	2019	2009	1007	4,3,3,3,3
1617	6506	2011-08-16	2026	4001	1007	3,3,3,3,3
1617	9268	2011-08-16	2026	4000	1003	4,3,3,3,3
1617	17679	2011-08-15	2019	1002	1005	3,2,3,3,2
1617	2407	2011-08-15	1003	1004	1010	3,3,3,3,3
1617	48280	2011-08-15	2013	1009	1039	3,3,3,3,3
1617	25887	2011-08-15	1011	4000	4001	4,3,4,3,3
1617	50047	2011-08-15	2029	1009	1009	4,3,3,3,3
1617	51526	2011-08-15	1003	3010	1008	3,3,3,3,3
1617	22197	2011-08-14	3018	2009	1003	3,3,3,3,3
1617	15247	2011-08-14	1011	4000	1002	4,3,3,3,3
1617	18766	2011-08-12	2013	1002	1001	3,3,3,3,3
1617	44110	2011-08-12	2008	4000		4,3,3,3,2
1617	3971	2011-08-11	2008	1011	1005	2,2,2,3,3
1617	27248	2011-08-11	1001	4001	1007	3,3,2,3,2
1617	32396	2011-08-10	2029	1004	3003	2,2,3,3,2
1617	50796	2011-08-10	1003	2009	1005	4,4,4,4,3
1617	40526	2011-08-10	2029	1002	1036	3,3,3,3,3
1617	47757	2011-08-09	1022	4000	1006	2,3,3,3,2
1617	13196	2011-08-09	3018	2004		4,4,4,4,4
1617	33069	2011-08-08	3018	2009	1034	3,3,3,3,3
1617	21264	2011-08-08	2031	1011	1001	3,3,3,3,3
1617	6391	2011-08-08	3004	4000	1006	3,4,3,4,4
1617	20594	2011-08-05	2026	1004	1003	4,3,3,4,3
1617	34419	2011-08-05	2027	2009	1024	3,3,3,3,3
1617	6418	2011-08-04	1003	3006	1006	4,4,3,4,3
1617	12600	2011-08-04	1026	6000	1006	3,4,3,3,3
1617	16871	2010-12-22	1001	3006	1002	3,3,4,4,5
1617	7418	2001-05-24	1003	3006	1022	5,4,5,5,4
1617	7203	2000-09-24	2008	4000	1006	5,4,4,4,3
1617	2684	2000-03-14	1010	3006	1006	4,4,3,4,3
1617	2902	2000-02-02	1010	3006	1006	5,5,4,4,3
1617	5966	2000-01-04	2008	3006	1006	4,4,3,4,3
1620	3761	1999-12-29	1003	2009	1021	5,5,5,5,4
1620	4044	1999-12-29	1019	2004	1006	4,3,3,4,4
1621	32073	2009-07-24	2001	4000	1006	4,4,3,4,4
1621	2919	2008-07-30	2008	4000	1011	3,4,3,3,1
1621	3707	2000-06-08	2010	3006	1006	4,5,4,4,3
1623	181	1999-12-29	1022	1004	1003	3,4,4,4,3
1624	576	1999-12-29	1011	4001	1003	4,4,5,4,4
1625	946	1999-12-29	1022	2009	1034	1,4,1,4,1
1634	6249	2000-11-01	1019	1002	1001	4,4,5,4,5
1634	6293	2000-10-29	1019	4000	1006	3,4,5,5,2
1634	6610	2000-10-02	1019	4000	1003	3,5,4,4,2
1634	6450	2000-10-02	1017	1004	1014	4,4,5,4,3
1634	5987	2000-09-09	4005	6000	1006	3,5,4,4,3
1634	475	2000-09-08	2011	4000	1006	4,4,5,5,3
1634	941	2000-08-30	2010	2009		2,3,1,1,2
1634	3371	2000-08-30	1009	1002	1001	4,3,2,3,4
1634	6288	2000-01-26	1019	6000	1006	4,4,4,4,3
1634	3229	2000-01-25	1004	1002	1001	1,3,2,2,2
1634	6059	2000-01-20	1019	1004	1014	4,4,4,4,4
1634	671	2000-01-12	2010	1010	1001	3,3,4,1,3
1634	3329	2000-01-10	1022	2002		4,3,3,1,3
1634	3823	2000-01-10	1003	1002	1010	4,3,3,3,4
1634	149	2000-01-08	2008	2009	1005	3,3,1,3,2
1634	18	2000-01-08	2008	1002	1001	4,3,4,3,4
1634	5472	2000-01-02	1019	1004	1010	5,3,3,3,4
1634	1744	2000-01-02	1019	4000	1019	3,3,4,4,3
1634	2913	2000-01-02	1019	2009	1034	5,5,4,4,4
1634	2532	2000-01-02	1019	1004	1018	1,3,3,3,3
1634	1337	2000-01-02	1019	4000	1006	3,4,4,3,3
1634	1310	2000-01-02	2008	1004	1032	4,4,3,3,3
1634	3568	2000-01-02	2015	2009	1005	5,3,5,4,5
1634	5139	1999-12-31	1003	3006	1006	5,4,4,4,4
1634	23	1999-12-30	2010	1002	1001	4,3,3,3,2
1634	205	1999-12-30	1019	1004	1006	4,4,4,4,3
1634	41	1999-12-30	1019	2009	1005	4,3,4,3,3
1634	2659	1999-12-30	1002	6000	1006	5,5,4,4,3
1634	6205	1999-12-30	1019	1004	1009	4,4,4,3,3
1640	7049	2001-07-09	3004	2004	1006	5,2,5,5,5
1640	8332	2001-07-09	3004	2009	1015	5,3,5,3,5
1643	3847	1999-12-30	1004	1002	1016	4,3,4,3,5
