1252	3695	1999-12-07	1019	4000	1006	5,3,3,4,3
1258	5240	1999-12-22	1022	1002	1001	4,3,4,4,4
1263	4026	1999-12-07	1022	1002	1001	3,3,2,3,4
1264	3549	1999-12-08	1008	1002	1020	5,4,4,4,4
1271	49801	2013-06-28	2019	1004	1010	4,3,3,2,4
1271	134328	2013-06-07	2019	2001	1015	5,4,5,5,5
1271	6327	2013-05-24	1019	1004	1002	2,2,3,3,2
1271	109745	2013-05-24	2028	4000	1003	5,5,5,5,3
1271	119944	2013-04-17	2008	2009	1032	3,3,3,3,1
1271	73703	2013-01-02	2010	2009	1032	4,4,5,5,5
1271	108660	2012-12-11	2010	2009	1032	1,2,4,2,1
1271	107258	2012-11-12	2005	6000	1011	5,5,5,5,5
1271	71456	2012-08-01	2008	3006	1007	5,5,5,5,5
1271	66206	2012-07-11	2028	1004		4,4,5,5,5
1271	50152	2012-07-11	2010	2009	1005	1,2,2,2,1
1271	83419	2012-04-24	2008	1003	1014	4,3,3,4,4
1271	49531	2012-02-23	2029	1018	1015	1,1,3,2,2
1271	14254	2012-01-06	2019	1004	1016	4,4,4,4,3
1271	45001	2011-12-31	2019	2004	1031	5,4,5,5,5
1271	51408	2011-12-31	2029	1004	1015	5,4,5,5,5
1271	54705	2011-09-16	2019	2009	1031	4,4,5,5,5
1271	48947	2011-08-16	2005	2001		5,5,5,5,5
1271	16595	2011-07-25	2008	1004	4000	1,2,1,2,1
1271	45278	2011-04-18	2008	3009	1006	5,5,5,5,5
1271	49672	2011-03-08	2028	1004	1015	
1271	45003	2011-03-08	2019	1004	1031	4,4,4,4,4
1271	47854	2011-03-01	2008	2009	1024	3,4,4,4,2
1271	21082	2011-03-01	3003	1028		4,4,4,4,4
1271	49749	2011-03-01	2010	1004	1009	3,3,3,3,2
1271	48396	2010-12-02	2008	2009	1034	4,4,4,4,4
1271	41467	2010-12-02	1022	1004	1009	3,4,4,4,3
1271	10636	2010-11-09	2028	1011	1009	5,3,4,4,4
1271	39254	2010-09-27	2011	1004	1009	5,5,5,5,5
1271	38540	2010-09-26	3018	1009	1015	4,3,4,4,3
1271	15253	2010-09-26	2015	2009		3,3,3,3,2
1271	47807	2010-09-26	2015	1004	1009	4,3,2,2,3
1271	23570	2010-08-11	2029	2009	1037	3,3,2,3,1
1271	45933	2010-06-19	2013	2004		4,4,5,5,5
1271	37741	2009-10-07	2029	1004		4,4,5,5,5
1271	12049	2009-08-18	2015	2004		3,3,3,3,1
1271	31671	2009-06-22	2010	1005		
1271	27207	2009-05-03	2019	1004	1009	1,2,2,3,1
1271	30903	2009-05-03	2019	1009	1006	5,4,4,4,5
1271	21696	2009-05-03	2015	1010	1039	2,2,4,3,2
1271	17266	2009-05-03	2029	1004	1010	3,2,2,2,3
1271	30737	2009-04-19	2019	1008	1010	4,4,5,5,5
1271	3334	2008-10-26	2019	1002	1014	5,3,4,4,5
1271	13761	2008-04-23	2008	2009	1037	5,3,3,3,3
1271	16986	2008-04-23	2013	1004	1001	3,3,3,4,5
1271	20913	2008-02-27	2028	1004		5,4,4,4,5
1271	10986	2008-02-13	2019	1002	1010	1,2,2,1,3
1271	20011	2007-11-30	2010	6000	1034	4,4,5,5,5
1271	9869	2002-12-01	2008	6000	1021	5,5,5,5,5
1271	6407	2002-11-19	2028	1002	1001	2,2,1,2,1
1271	8669	2001-10-05	1019	1009	1001	5,3,3,3,2
1274	6041	1999-12-08	2001	2004	1015	5,5,5,5,5
1275	756	1999-12-08	1008	1002	1001	4,3,4,3,4
1276	1500	1999-12-08	2026	1003	1001	4,3,3,3,4
1278	5292	2000-02-13	1019	2009	1026	4,3,2,3,1
1278	2919	2000-01-07	2008	4000	1011	2,3,1,2,1
1280	5841	2000-05-14	1009	1002	1010	5,5,5,5,5
1280	5339	1999-12-09	2008	2007		4,3,4,4,3
1284	6356	2000-08-08	2008	2004	1006	4,4,5,4,5
1284	6282	2000-08-08	1019	2022	1003	4,5,5,4,3
1284	4044	2000-07-12	1019	2004	1006	4,5,3,3,2
1284	6004	2000-07-12	3017	2009	1021	4,4,5,5,3
1284	5362	2000-02-17	1019	1002	1005	4,4,4,4,3
1284	2690	2000-02-13	1019	3006	1006	3,3,4,4,3
1284	6293	2000-02-13	1019	4000	1006	3,4,4,5,2
1284	3675	2000-02-09	1019	4001	1006	3,4,4,3,4
1284	2593	2000-02-09	1019	4000	1006	3,4,4,4,3
1284	417	2000-02-09	1011	1001	1001	4,4,4,4,3
1284	6337	2000-02-09	1019	1004	1006	5,4,3,4,5
1284	5683	2000-02-03	1019	1004	1015	5,3,3,3,4
1284	5472	2000-02-03	1019	1004	1010	4,3,2,2,5
1284	3152	2000-02-03	1008	2009	1034	4,4,4,3,5
1284	1284	2000-02-03	2010	1002	1005	4,3,4,4,4
1284	3974	2000-02-03	1019	4000	1006	3,5,3,3,3
1284	45	2000-02-01	2010	2009	1005	4,4,4,3,3
1284	6288	2000-01-23	1019	6000	1006	4,4,5,4,3
1284	1310	2000-01-22	2008	1004	1032	4,5,5,4,4
1284	6203	2000-01-22	1019	3006	1006	5,4,3,4,3
1284	6335	2000-01-19	1019	1011	1001	4,3,4,3,5
1284	2770	2000-01-17	2008	4001	1006	3,5,4,4,3
1284	4223	2000-01-17	2010	2002	1010	5,4,5,4,5
1284	2341	2000-01-17	1019	1004	1012	3,4,3,4,5
1284	6254	2000-01-17	1019	3010	1006	5,4,5,5,3
1284	5099	2000-01-14	1026	4000	1010	4,3,4,4,3
1284	2853	2000-01-14	1019	1002	1001	4,5,4,4,2
1284	2341	2000-01-14	1019	1004	1012	3,4,3,3,3
1284	2058	2000-01-14	1019	1002	1001	3,3,3,3,3
1284	286	2000-01-14	1022	1001	1005	4,4,4,4,3
1284	102	2000-01-13	1022	1002	1001	4,5,4,5,3
1284	1484	2000-01-13	1017	1002	1001	3,5,3,5,3
1284	5152	2000-01-13	1016	4000	1006	3,5,4,3,3
1284	2056	2000-01-13	1020	1002	1001	4,4,4,4,2
1284	3636	2000-01-13	1021	1004	1006	3,3,4,3,3
1284	2047	2000-01-13	1021	1002	1001	4,3,4,4,3
1284	4180	2000-01-13	1008	1002	1014	4,3,3,3,4
1284	4223	2000-01-12	2010	2002	1010	3,4,4,4,5
1284	3886	2000-01-07	1019	2002	1010	3,2,3,2,3
1284	5789	2000-01-07	1019	1004	1010	3,3,3,3,5
1284	90	2000-01-07	2028	1004	1009	5,3,4,3,5
1284	2364	2000-01-05	1019	1010	1001	5,5,5,5,5
1284	1912	2000-01-05	1019	1011	1001	4,4,4,4,2
1284	2179	2000-01-05	1008	4001	1007	3,4,3,3,5
1284	1221	2000-01-05	1008	1004	1005	4,3,4,3,4
1284	816	2000-01-05	1008	1002	1001	3,3,3,3,4
1284	6286	2000-01-04	2029	1004	1009	3,3,5,3,5
1284	6073	2000-01-04	1022	3006	1006	4,4,5,5,4
1284	4210	2000-01-03	1011	1002	1001	5,4,3,4,3
1284	2522	1999-12-31	1004	1002	1001	2,3,2,3,3
1284	1910	1999-12-31	1004	1011	1001	3,3,4,5,2
1284	3819	1999-12-31	1008	1004	1010	3,3,3,3,3
1284	82	1999-12-31	1008	1004	1002	3,2,3,2,5
1284	413	1999-12-31	1001	1001	1005	3,3,4,3,3
1284	2641	1999-12-31	1019	4000	1006	3,5,3,4,2
1284	6266	1999-12-31	2010	2004		5,3,4,3,3
1284	6149	1999-12-30	3012	2009	1032	5,2,3,3,5
1284	563	1999-12-09	1003	1004	1009	2,4,4,3,2
1284	1187	1999-12-09	3018	2009	1008	2,3,4,3,3
1284	183	1999-12-09	1019	1004	1003	3,3,2,3,2
1284	1115	1999-12-09	1004	1002	1001	4,4,3,4,5
1284	1077	1999-12-09	1003	1002	1001	3,5,5,5,2
1284	490	1999-12-09	1004	4000	1006	4,4,3,4,5
1284	1618	1999-12-09	1003	1002	1010	4,2,3,2,3
1284	528	1999-12-09	1022	1004	1006	5,5,5,5,3
1284	4026	1999-12-09	1022	1002	1001	3,1,3,1,3
1284	5884	1999-12-09	1001	1004	1007	4,2,3,3,4
1284	488	1999-12-09	1003	1002	1005	3,4,3,3,2
1284	3154	1999-12-09	2008	4001	1010	3,4,4,4,3
1299	3696	2000-06-08	1003	3006	1006	4,5,4,4,4
1300	1536	1999-12-10	1001	1002	1001	4,3,3,3,2
1303	3040	1999-12-09	2010	6000		5,3,5,5,5
1303	1736	1999-12-09	2011	1002	1009	3,3,4,3,3
1306	118	2000-01-15	2013	1011	1001	2,2,3,3,2
1314	5182	2001-07-03	1019	2009	2	5,5,5,5,3
1314	6715	2001-07-03	1019	4001	1008	4,3,4,4,4
1314	5087	1999-12-10	1019	2009	1008	2,4,3,4,3
1314	3974	1999-12-10	1019	4000	1006	2,4,4,4,2
1314	4194	1999-12-10	1022	1002	1001	5,3,4,3,5
1318	2841	1999-12-11	2002	3021	4000	4,5,5,5,4
1318	61	1999-12-11	2002	3006	1006	4,5,5,5,4
1318	1424	1999-12-11	2002	2009	1034	3,3,3,3,2
1318	1651	1999-12-11	2002	4000	1006	3,3,4,4,4
1318	4059	1999-12-11	2002	3010	1006	4,4,5,5,2
1318	2855	1999-12-10	2002	4000	1006	4,5,5,4,2
1319	1684	2000-07-06	1001	1002	1001	4,4,5,4,5
1319	2117	2000-07-02	1022	1010	1001	4,4,5,4,4
1319	2848	2000-06-27	1022	4000	1032	4,4,4,4,4
1319	2769	2000-06-13	2010	6000	1011	4,3,3,3,4
1319	185	2000-05-24	3007	4000	1011	3,4,3,3,3
1319	7	2000-04-20	1022	4000	1006	1,2,1,1,1
1319	1053	2000-04-09	1014	1004	1010	4,3,4,3,4
1319	553	2000-03-30	1019	1002	1005	2,2,1,2,1
1319	794	2000-03-27	1022	4000	1006	4,4,4,4,5
1319	794	2000-03-27	1022	4000	1006	4,4,4,4,5
1319	794	2000-03-27	1022	4000	1006	4,4,4,4,5
1319	1791	2000-03-24	1003	4000	1006	5,5,4,4,4
1319	2937	2000-03-19	2011	2009	1010	4,4,4,4,4
1319	7	2000-03-12	1022	4000	1006	4,3,4,5,4
1319	2034	2000-03-11	2008	2009	1034	4,4,4,4,4
1319	1548	2000-03-05	2029	4000	1003	1,1,1,2,2
1319	3979	2000-02-27	1022	4000	1006	4,4,4,4,4
1319	1787	2000-02-23	2008	1002	1001	4,4,4,4,5
1319	3811	2000-02-21	2011	4000	1006	4,4,5,4,4
1319	5989	2000-02-20	1022	2006	1002	4,4,3,4,3
1319	879	2000-02-19	1022	1002	1009	4,3,4,4,4
1319	2519	2000-02-17	1022	1002	1001	2,3,2,1,1
1319	3591	2000-02-13	2008	4000	1011	4,4,4,5,4
1319	1875	2000-02-11	1022	1002	1001	2,2,2,2,2
1319	264	2000-02-10	1022	4000	1003	3,3,2,3,3
1319	3355	2000-02-03	1022	1002	1002	4,3,4,4,4
1319	2457	2000-02-03	1022	4000	1006	2,2,2,1,2
1319	5559	2000-02-03	1001	2001		4,4,4,4,3
1319	3371	2000-02-01	1009	1002	1001	2,2,3,2,2
1319	252	2000-01-29	2008	4000	1011	5,4,4,4,4
1319	297	2000-01-28	1022	4000	1011	3,3,3,4,3
1319	211	2000-01-22	2029	4000	1006	4,3,3,4,4
1319	2803	2000-01-22	2008	4000	1011	4,4,4,4,4
1319	1177	2000-01-20	1022	1002	1001	4,3,3,4,3
1319	1985	2000-01-16	2029	1002	1001	4,4,4,5,4
1319	5474	2000-01-16	1019	1004	1009	4,3,4,3,5
1319	5914	2000-01-14	2001	1001	1001	3,2,3,2,2
1319	2789	2000-01-13	2008	4000	1006	4,4,4,4,4
1319	118	2000-01-08	2013	1011	1001	4,3,3,3,5
1319	5273	2000-01-07	1019	1010		4,3,3,4,5
1319	2349	2000-01-06	2011	2009	1005	4,3,4,4,5
1319	6294	2000-01-06	1022	1002	1001	4,3,4,4,4
1319	781	2000-01-05	2008	1002	1001	4,4,4,4,4
1319	781	2000-01-05	2008	1002	1001	4,4,4,4,4
1319	1997	2000-01-05	1022	4000	1006	2,3,2,2,3
1319	1620	2000-01-02	2006	2009	1034	5,4,4,4,4
1319	3060	2000-01-02	1011	2001	1024	5,5,4,4,3
1319	2033	2000-01-01	1009	2009	1034	2,3,3,2,3
1319	195	2000-01-01	1018	1002	1001	4,4,3,4,3
1319	335	2000-01-01	1025	1001	1001	3,2,2,2,3
1319	3819	1999-12-31	1008	1004	1010	3,3,4,3,1
1319	3847	1999-12-31	1004	1002	1016	2,2,2,5,3
1319	5559	1999-12-30	1001	2001		5,5,4,4,4
1319	921	1999-12-28	1004	4000	1006	4,4,3,4,4
1319	4144	1999-12-27	1022	1002	1010	4,3,4,3,5
1319	2467	1999-12-26	3020	1002	1001	4,4,5,4,4
1319	485	1999-12-25	1022	1001	1001	3,4,2,3,4
1319	353	1999-12-22	1022	1004	1009	4,3,2,4,3
1319	1691	1999-12-20	1022	2009	1005	1,1,2,5,2
1319	946	1999-12-18	1022	2009	1034	4,4,4,4,5
1319	1931	1999-12-17	1014	1004	1005	2,4,2,3,5
1319	2464	1999-12-15	1019	1002	1005	5,5,5,5,5
1337	537	1999-12-11	2008	1008	1010	5,3,4,3,3
1339	1657	2001-04-09	2003	2001	1001	4,4,1,4,2
1339	1533	1999-12-11	2026	1002	1001	5,4,5,5,4
1339	2855	1999-12-11	2002	4000	1006	3,5,4,5,4
1339	235	1999-12-11	3005	4000	1006	5,5,5,5,5
1339	2372	1999-12-11	1002	6000	1032	3,4,3,4,2
1339	228	1999-12-11	1002	4000	1006	4,5,5,5,4
1339	508	1999-12-11	2026	4001	1006	4,2,3,4,4
1345	3711	2000-06-10	1019	3006	1006	5,5,4,5,4
1347	55	1999-12-12	1017	4000	1010	3,2,3,3,2
1352	2587	1999-12-12	1005	3008	1006	5,4,5,5,3
1353	448	2000-02-08	1017	1002	1001	3,3,3,3,3
1353	5481	2000-02-04	3006	1002	1001	3,3,3,3,3
1353	3320	2000-01-31	2008	1010	1001	4,3,3,3,4
1353	984	2000-01-22	2008	2004		4,3,3,3,4
1353	2945	2000-01-22	3006	2004	2006	3,4,3,3,3
1353	61	2000-01-21	2002	3006	1006	4,5,4,5,4
1353	6037	2000-01-20	2001	2001	1001	4,3,3,2,4
1353	2354	2000-01-14	3010	1004	1006	4,3,4,3,5
1353	143	2000-01-14	1003	2009	1034	5,4,5,4,3
1353	228	2000-01-12	1002	4000	1006	4,4,4,4,3
1353	373	2000-01-11	3007	2002	2004	4,4,3,4,2
1353	6147	2000-01-11	3007	1002	1001	3,5,3,3,2
1353	712	2000-01-02	2008	3011	1006	4,4,4,4,4
1353	51	2000-01-02	1019	3006	1006	4,4,3,4,3
1353	711	2000-01-02	2002	3011	1006	4,4,4,4,4
1353	1446	2000-01-02	1019	2009	1034	4,4,4,4,3
1353	1364	2000-01-02	2008	3010	1003	4,4,4,5,4
1353	398	2000-01-02	1019	2009	1024	5,4,3,4,4
1353	437	1999-12-28	1019	1005	1001	4,3,3,3,5
1353	2932	1999-12-26	3007	4001	1006	4,4,4,5,4
1353	690	1999-12-23	2008	1002	1001	5,5,5,5,4
1353	2032	1999-12-23	2008	2009	1034	5,3,4,4,5
1353	4063	1999-12-22	2008	1011	1005	5,4,4,4,4
1353	63	1999-12-19	1017	3010	1006	5,5,5,5,4
1353	2938	1999-12-19	2008	3006	1011	5,5,5,5,3
1353	341	1999-12-17	2008	3004	1006	4,5,4,5,3
1353	3283	1999-12-17	1011	1002	1001	5,5,5,5,2
1353	3718	1999-12-14	2008	3004	1006	4,4,4,5,4
1353	1604	1999-12-12	2015	2009	1005	4,3,3,5,2
1353	1523	1999-12-12	1022	2009	1011	4,5,4,5,3
1356	48340	2013-02-20	1022	1002	1005	
1356	6159	2004-05-03	2010	2009	1032	2,3,3,4,3
1356	7681	2003-11-06	2008	3010	1006	5,5,5,5,5
1365	14874	2007-09-09	2010	1009	1001	3,3,4,1,2
1365	12502	2007-09-08	2008	2009	1034	
1365	3155	2007-03-25	1019	4001	1006	1,4,4,3,1
1365	13285	2006-12-26	1022	4000	1003	5,3,3,3,5
1365	12952	2006-12-26	1022	4000	1006	
1365	13034	2006-12-26	1022	1004	1005	3,3,3,3,3
1365	10326	2006-12-26	1022	1004	1010	2,2,2,3,1
1365	1981	2006-12-25	3007	1002	1001	
1367	114	2000-02-17	4005	1002	1001	1,1,1,1,1
1369	74	1999-12-13	1003	2009	1034	3,3,2,3,3
1369	1829	1999-12-13	1003	3010	1006	4,3,4,5,2
1369	488	1999-12-13	1003	1002	1005	3,3,2,3,1
1369	3883	1999-12-13	1011	1002	1005	4,4,4,4,1
1370	3705	2000-06-08	1023	3006	1006	4,5,3,4,4
1372	1233	2000-02-18	2028	1011	1001	5,4,5,5,5
1374	3099	1999-12-13	3015	1011	1001	4,5,4,4,3
1375	162	1999-12-13	1019	1011	1001	5,3,4,4,2
1382	10100	2008-04-07	3018	1004	1009	3,1,2,3,5
1382	17847	2007-03-18	4002	2001	1008	4,5,4,5,3
1382	6636	2003-03-22	1019	4000	1003	4,5,3,4,1
1382	374	2003-03-22	2002	2002	2004	4,4,2,4,4
1382	5992	2002-08-20	2019	2009	1008	4,5,4,4,1
1382	1764	2002-08-20	2019	1002	1001	4,4,4,3,2
1382	9737	2002-08-20	2010	3003	1006	2,3,1,2,1
1382	2377	2002-08-20	2010	1004	1015	5,5,5,5,5
1382	105	2002-08-20	2015	2005	1033	5,4,3,4,3
1382	7573	2002-08-20	2019	6000	1015	5,3,3,4,4
1382	7798	2002-08-20	2019	3003	1009	1,2,2,2,3
1382	5896	2002-08-20	3018	2009	1026	3,4,4,5,4
1382	4163	2002-08-20	3018	2009	1007	4,3,3,5,5
1382	3921	2002-08-20	3018	1002	1001	5,5,5,5,5
1382	1288	2002-08-20	3018	1002	1001	5,5,5,5,5
1382	1110	2002-08-20	3018	1002	1001	3,3,3,3,3
1382	5025	2000-05-30	2008	3010	1006	1,4,1,2,1
1382	6218	2000-02-08	3018	2022	1003	3,5,4,4,3
1382	672	1999-12-28	1022	1010	1001	1,3,3,3,4
1382	1410	1999-12-28	1019	2009	1034	5,5,3,5,4
1382	1476	1999-12-16	1003	3009	1006	5,4,5,5,3
1382	602	1999-12-16	1003	3010	1007	2,3,1,4,1
1384	15253	2009-05-23	2015	2009		4,2,3,3,4
1384	1814	2009-04-13	1003	1004	1009	
1384	5652	2009-04-13	2008	1004	1009	2,2,2,2,1
1384	15138	2009-04-13	2006	1002	1016	3,2,4,2,2
1384	10313	2005-06-10	1022	1011	1011	4,3,2,4,4
1384	1185	2005-02-12	1019	1002	1001	3,3,3,3,2
1384	2036	2004-12-27	4001	1004	1006	3,2,3,2,2
1384	10792	2004-12-19	1009	1004	1014	3,3,3,3,3
1384	11734	2004-12-05	3002	1004	1010	4,3,3,3,3
1384	12097	2004-12-01	1019	2009	1034	
1384	11450	2004-11-26	2028	1004	1010	
1384	10867	2004-11-14	2028	1018	1001	
1384	12353	2004-11-01	2004	1011	1001	4,3,4,3,3
1384	11686	2004-10-31	1019	2009		3,4,4,4,3
1384	10208	2004-10-27	2027	4000	1006	3,3,2,3,3
1384	468	2004-10-25	2013	1004	1014	4,3,3,3,5
1384	3882	2004-10-25	3003	1002	1010	3,3,3,3,3
1384	11862	2004-10-25	1019	2009	1034	3,3,3,3,3
1384	9989	2004-10-25	1019	2009	1008	
1384	468	2004-10-24	2013	1004	1014	
1384	2666	2004-10-24	1011	1010	1005	3,3,3,4,1
1384	2050	2004-10-24	3009	1002	1005	3,3,3,3,3
1384	10873	2004-10-22	2028	1010	1005	3,3,5,3,3
1384	12077	2004-10-22	2028	1003	1010	3,3,3,3,4
1384	4180	2004-10-22	1008	1002	1014	3,3,3,3,3
1384	11895	2004-10-21	1019	2009	1034	3,3,3,3,3
1384	12533	2004-10-20	2010	1004	1006	3,3,3,3,4
1384	3086	2004-10-20	1012	1002	1010	
1384	9886	2004-10-19	1019	2009	1021	3,3,3,3,3
1384	11870	2004-10-19	1019	1002	1001	
1384	11664	2004-10-19	1019	1004	1009	
1384	63	2004-08-27	1017	3010	1006	
1384	9846	2004-08-16	1019	2009	1034	4,4,4,4,3
1384	11411	2004-08-08	2010	4000	1008	3,4,5,4,4
1384	5358	2004-08-01	1019	2009	1008	4,4,3,3,2
1384	10561	2004-07-31	2028	1008	1010	
1384	11403	2004-07-25	1022	1004	1007	2,1,2,1,5
1384	5703	2004-07-22	3007	1004	1009	
1384	90	2004-07-22	2028	1004	1009	5,3,2,3,4
1384	5663	2004-07-19	2008	1004	1009	
1384	1618	2004-07-18	1003	1002	1010	4,1,3,2,2
1384	3224	2003-02-05	1019	2001	1019	4,3,4,3,3
1384	5461	2003-01-01	1019	1004	1004	3,2,3,2,3
1384	9780	2003-01-01	2011	2009	1021	3,3,3,2,3
1384	1340	2002-12-24	2003	2009	1001	3,2,3,3,3
1384	6868	2002-12-21	2004	1004	1010	3,1,3,2,5
1384	9027	2002-12-08	1019	2002	1010	1,1,2,1,2
1384	482	2002-12-03	2026	1001	1005	1,1,1,1,1
1384	6290	2002-12-01	1019	1004	1009	2,2,2,2,1
1384	1734	2002-12-01	2010	1004	1009	2,1,2,1,1
1384	925	2002-11-18	1019	1004	1003	1,2,2,2,2
1384	5243	2002-11-06	1019	1004	1007	3,2,3,3,4
1384	5231	2002-11-05	1019	1004	1007	1,1,1,1,1
1384	2883	2002-11-05	1019	1002	1001	3,3,2,3,2
1384	1105	2002-11-05	1019	1004	1014	3,2,3,3,2
1384	5337	2002-11-05	1019	2009	1010	3,3,3,2,3
1384	40	2002-10-19	2026	2009	1005	2,2,2,2,2
1384	9734	2002-10-13	1019	2009	1034	4,4,4,2,3
1384	7398	2002-10-08	2011	1009		2,2,2,2,2
1384	2667	2002-10-06	1023	1010	1001	3,3,3,4,2
1384	5629	2002-10-06	2010	1004	1010	3,2,2,3,5
1384	1519	2002-10-05	1013	1004	1009	3,2,1,2,2
1384	925	2002-10-02	1019	1004	1003	2,3,3,3,3
1384	7903	2002-10-01	3020	1003		4,3,3,3,3
1384	5495	2002-09-26	1019	1011	1001	3,2,4,3,2
1384	3873	2002-09-24	1019	1004	1011	3,3,3,3,1
1384	672	2002-09-22	1022	1010	1001	1,1,1,1,1
1384	873	2002-09-22	2008	1002	1005	3,2,3,2,4
1384	721	2002-09-21	2008	1002	1001	1,1,1,1,1
1384	7503	2002-09-20	2008	1002	1001	3,3,3,3,2
1384	181	2002-09-17	1022	1004	1003	2,2,2,2,2
1384	852	2002-09-15	2008	1004		3,3,3,3,2
1384	3565	2002-09-15	2001	1004	1014	3,2,3,3,4
1384	5146	2002-09-14	1019	4000	1006	3,3,3,3,3
1384	833	2002-09-14	1019	2009	1011	1,1,1,1,1
1384	7471	2002-09-11	1022	1004	1007	4,3,3,4,4
1384	6737	2002-09-03	1019	2009		2,2,2,1,3
1384	1939	2002-09-02	1019	3003	1006	2,3,3,3,2
1384	2801	2002-08-25	1022	4000	1006	3,4,3,3,2
1384	6724	2002-08-22	1019	3006	1006	4,4,3,3,1
1384	9738	2002-08-22	2003	1018	1001	3,3,3,3,3
1384	2676	2002-08-18	2028	1010	1001	1,2,3,3,2
1384	7604	2002-08-18	1019	1009		3,1,3,3,3
1384	2669	2002-08-18	1019	1010	1005	3,4,3,1,2
1384	5041	2002-08-10	1019	4000	1006	3,3,3,4,2
1384	9176	2002-08-06	1019	4000	1008	3,4,4,4,3
1384	9767	2002-08-04	1019	1004	1010	4,3,3,1,1
1384	981	2002-07-21	2029	1002		3,2,3,2,3
1384	9676	2002-07-20	2005	2009	1007	2,3,3,1,3
1384	9350	2002-07-16	1019	2004	1009	4,3,2,1,4
1384	1231	2002-07-13	3007	1004	1007	3,3,3,1,3
1384	1192	2002-07-12	2006	1004	1009	3,3,2,1,2
1384	9673	2002-07-11	2005	1004	1007	3,3,3,2,4
1384	5683	2002-07-11	1019	1004	1015	3,2,3,3,2
1384	9778	2002-07-07	1019	1009	1001	3,3,3,3,3
1384	9051	2002-06-30	2003	1002	1009	2,3,2,2,4
1384	2545	2002-06-23	1019	1009	1006	3,4,3,3,2
1384	2538	2002-06-23	2028	1009	1006	3,3,3,3,3
1384	9734	2002-06-16	1019	2009	1034	4,4,3,4,3
1384	9712	2002-06-16	2028	1004	1014	4,3,4,4,5
1384	247	2002-06-10	2028	4000	1011	3,3,3,3,3
1384	3866	2002-06-09	1022	2009	1034	3,3,3,4,5
1384	7664	2002-06-02	2008	2009	1021	3,4,3,3,2
1384	5905	2002-04-08	2001	2009	1026	2,2,3,3,2
1384	536	2002-03-24	2008	1002	1001	3,3,4,3,3
1384	7558	2002-01-27	1022	1008	1001	3,4,3,4,4
1384	6041	2002-01-22	2001	2004	1015	4,3,4,2,4
1384	7464	2002-01-21	3007	1004	1005	2,2,2,1,1
1384	9003	2002-01-18	1019	2009	1034	2,3,3,3,2
1384	8533	2001-12-31	1022	1008		4,2,3,3,4
1384	1998	2001-12-16	1003	1002	1010	3,3,3,3,1
1384	5135	2001-12-13	1019	2009	1031	4,4,4,4,3
1384	8426	2001-12-10	2029	6000	1006	1,4,2,3,2
1384	7235	2001-12-08	1019	2009	1005	4,3,3,4,4
1384	468	2001-12-04	2013	1004	1014	5,3,4,4,5
1384	2937	2001-11-29	2011	2009	1010	2,2,2,2,2
1384	289	2001-11-26	1019	1002	1001	4,3,3,3,3
1384	7600	2001-11-26	2007	1002		3,2,4,2,4
1384	3224	2001-11-22	1019	2001	1019	4,4,4,4,3
1384	6245	2001-11-15	2028	4000	1006	4,4,4,4,4
1384	2058	2001-11-13	1019	1002	1001	3,4,4,4,2
1384	3698	2001-11-05	2008	3006	1006	3,3,4,4,3
1384	2889	2001-10-26	2020	1004	1002	3,2,3,2,4
1384	6016	2001-10-25	2028	1004	1010	3,2,3,3,2
1384	3729	2001-10-21	2001	1009	1001	3,3,3,3,4
1384	3734	2001-10-20	2001	1002	1001	4,3,3,3,4
1384	8964	2001-10-18	1019	2009	1034	4,3,2,4,3
1384	2419	2001-10-07	2028	1002	1001	4,3,3,3,3
1384	1538	2001-10-07	2010	1002	1001	3,3,3,3,3
1384	7723	2001-09-16	2010	1009	1001	4,3,3,3,5
1384	3553	2001-09-09	2001	2006	1033	4,4,4,4,3
1384	8543	2001-09-03	1019	1003	1001	2,3,3,3,2
1384	5304	2001-08-18	1019	1001	1010	3,2,2,2,2
1384	9027	2001-08-17	1019	2002	1010	3,3,3,3,3
1384	549	2001-08-16	1005	3021	1003	4,4,4,4,3
1384	8645	2001-08-13	2008	1001	1009	4,3,3,3,4
1384	8634	2001-08-13	2001	1002	1010	3,3,3,4,4
1384	8669	2001-08-12	1019	1009	1001	4,4,4,4,4
1384	1352	2001-07-15	2002	1002	1001	3,3,3,3,2
1384	980	2001-06-25	2024	1002	1001	3,3,3,3,3
1384	23755	2001-06-11	8808	3003		4,4,3,4,4
1384	622	2001-05-28	1019	2002	1010	3,3,3,3,4
1384	4045	2001-05-27	2002	1002	1010	3,3,3,4,2
1384	1690	2001-05-23	1019	1002	1001	3,4,3,4,4
1384	2942	2001-05-20	3006	1004	1004	4,3,3,4,4
1384	6238	2001-05-18	2028	1004	1002	4,3,3,3,4
1384	3338	2001-05-16	2008	1004	1010	4,3,3,4,4
1384	3611	2001-05-10	1019	1002	1001	3,3,3,3,3
1384	3085	2001-05-04	2028	1002	1001	3,3,3,3,4
1384	662	2001-05-02	3007	4001	1002	3,3,3,4,2
1384	5238	2001-04-29	2010	1004	1014	4,3,3,3,4
1384	6723	2001-04-20	1019	3005		4,3,4,3,2
1384	1402	2001-04-09	1022	4000	1003	2,3,2,3,2
1384	6	2001-02-17	2001	1004	1010	4,3,3,4,5
1384	754	2001-02-16	1019	3006	1006	3,4,4,4,4
1384	7668	2001-01-31	2010	1004	1006	4,3,4,3,3
1384	7557	2000-12-10	1019	1011	1001	2,2,3,2,3
1384	1090	2000-11-07	1008	1004	1001	4,3,4,4,4
1384	3425	2000-10-30	2008	1002	1001	3,3,3,2,4
1384	7547	2000-10-30	2015	1004	1002	3,4,4,4,2
1384	6279	2000-10-15	1019	1004	1014	3,3,3,4,2
1384	2812	2000-10-08	2001	1009	1007	4,3,3,3,4
1384	3425	2000-08-14	2008	1002	1001	3,3,3,2,4
1384	6566	2000-07-23	2001	1004	1009	3,4,3,4,5
1384	542	2000-07-15	2010	2006	1022	4,3,3,3,3
1384	6403	2000-07-08	2008	1004	1009	4,4,3,3,3
1384	4059	2000-07-02	2002	3010	1006	3,2,3,4,2
1384	4112	2000-06-17	2028	1002	1001	4,4,4,4,3
1384	3712	2000-06-08	1019	3006	1006	3,4,3,4,3
1384	5989	2000-06-05	1022	2006	1002	4,3,4,1,2
1384	2858	2000-06-04	2008	1004	1006	3,3,3,3,2
1384	6203	2000-05-31	1019	3006	1006	4,4,4,4,2
1384	6356	2000-05-30	2008	2004	1006	3,4,3,4,3
1384	1191	2000-05-25	2026	1004	1002	3,3,3,3,2
1384	6235	2000-05-23	2028	1004	1006	4,3,3,4,4
1384	6356	2000-05-15	2008	2004	1006	4,3,4,4,3
1384	4178	2000-05-14	1019	2009	1032	3,3,2,2,4
1384	1825	2000-05-07	1003	1002	1010	4,3,3,4,4
1384	3082	2000-05-05	2026	1002	1001	2,3,2,2,2
1384	5725	2000-04-26	1019	1004	1009	2,2,3,1,3
1384	402	2000-04-24	2001	1001	1014	3,3,3,4,3
1384	5520	2000-04-20	1019	1004	1009	3,3,3,3,2
1384	6356	2000-04-20	2008	2004	1006	4,4,5,4,3
1384	90	2000-04-15	2028	1004	1009	4,3,3,4,2
1384	6124	2000-04-09	2011	1010	1001	4,3,3,3,4
1384	490	2000-04-07	1004	4000	1006	3,2,3,3,3
1384	4013	2000-03-26	2027	1008	1001	4,3,3,5,4
1384	6205	2000-03-24	1019	1004	1009	3,4,3,4,3
1384	557	2000-03-07	2002	1004	1009	2,3,3,3,1
1384	1548	2000-03-05	2029	4000	1003	3,3,2,3,4
1384	2306	2000-03-04	1022	1002		3,3,3,4,2
1384	3968	2000-01-11	1019	1004	1015	1,3,3,3,3
1384	4197	2000-01-02	2008	1002	1001	3,3,3,3,4
1384	1336	2000-01-01	1022	1002	1001	3,2,3,2,2
1384	1235	1999-12-31	1019	1002	1010	5,4,3,5,3
1384	4166	1999-12-30	2008	2009	1007	1,2,3,2,2
1384	6	1999-12-30	2001	1004	1010	4,3,3,4,4
1384	6035	1999-12-29	2001	1004	1015	5,3,3,4,4
1384	19	1999-12-29	2028	2021	1033	5,5,5,5,5
1384	5682	1999-12-28	2028	1004	1009	4,3,3,4,2
1384	181	1999-12-28	1022	1004	1003	4,3,3,4,4
1384	1043	1999-12-28	2004	4001	1006	3,3,3,2,4
1384	2387	1999-12-28	2021	1002	1001	5,3,3,5,5
1384	3154	1999-12-28	2008	4001	1010	4,4,4,4,3
1384	3119	1999-12-28	2026	1018	1001	4,3,4,3,5
1384	5663	1999-12-27	2008	1004	1009	4,3,4,4,5
1384	5660	1999-12-27	2028	1004	1006	5,3,3,4,4
1384	6202	1999-12-26	2002	1002	1001	4,3,3,4,4
1402	39757	2013-08-07	2028	1004	1001	4,3,3,3,4
1413	132	1999-12-14	2010	1018	1001	3,3,1,3,1
1415	468	1999-12-14	2013	1004	1014	4,3,3,4,5
1417	1417	1999-12-14	1008	4000	1006	1,5,2,4,1
1419	158	1999-12-15	3005	2009	1007	5,5,4,5,5
1425	524	1999-12-22	2008	4000	1006	4,4,3,4,5
1425	3249	1999-12-22	2008	1010	1001	5,2,2,2,3
1425	3807	1999-12-22	3018	1002	1001	2,4,3,3,3
1425	5809	1999-12-15	4002	6000	1011	4,4,3,4,3
1429	76657	2012-12-04	1004	4001	1007	5,4,4,4,3
1429	20569	2008-05-28	1022	1004		4,3,3,3,3
1429	16039	2008-05-28	1019	2009	1019	4,3,3,3,4
1429	1441	2008-05-26	2001	1015	1001	4,3,3,3,3
1429	18309	2008-05-26	1019	4001	1035	2,3,3,3,2
1429	7684	2001-04-09	1019	2009	1019	5,4,4,4,5
1429	7450	2001-03-07	1004	4001	1007	1,1,3,1,2
1429	7684	2001-03-07	1019	2009	1019	5,5,5,5,5
1429	3711	2000-06-08	1019	3006	1006	3,3,3,4,3
1429	1635	2000-02-14	1019	2009	1034	2,2,3,2,3
1435	67347	2011-12-04	1003	2004	1008	3,4,3,4,2
1435	51334	2011-12-04	3017	1002	1005	4,3,3,4,3
1435	42005	2011-03-26	1019	2009		4,3,4,3,5
1435	48876	2011-03-22	1008	1009	1010	5,4,4,4,5
1435	49200	2010-12-07	3010	2009	1033	3,3,3,3,5
1435	16591	2010-09-03	1019	2009	1005	5,4,5,4,5
1435	47821	2010-08-09	2008	4000	1006	5,4,5,4,5
1435	32362	2010-07-16	3018	2009	1034	5,4,4,5,4
1435	10078	2010-06-16	3010	4000	1006	4,3,4,4,3
1435	2417	2010-05-02	3010	1002	1001	4,2,3,2,2
1435	39490	2010-04-08	1011	3011	1006	3,4,4,4,4
1435	22151	2010-01-03	2029	1004	1001	4,3,3,4,4
1435	39191	2009-12-16	1001	6000	1006	4,3,4,3,4
1435	10639	2009-12-07	2008	1011	1005	4,3,3,3,4
1435	34120	2009-11-27	3010	4000		3,3,3,3,3
1435	23570	2009-11-09	2029	2009	1037	4,3,4,4,5
1435	27171	2009-11-02	3018	4001	1007	3,3,3,1,1
1435	15708	2009-10-05	3018	1002	1001	3,3,4,3,3
1435	12074	2009-10-01	2008	1002	1005	5,4,5,5,4
1435	263	2009-09-30	1019	3006	1006	2,2,2,3,1
1435	22241	2009-09-14	1003	4000	1006	4,5,5,4,3
1435	10358	2009-09-02	1019	4000	1006	5,5,4,4,4
1435	26958	2009-08-30	2010	2009	1019	4,2,2,3,4
1435	911	2009-08-30	2008	3010	1006	5,5,4,5,4
1435	25883	2009-07-06	3018	1011	1001	2,2,2,2,2
1435	31507	2009-05-12	1001	1002	1005	3,2,2,2,2
1435	17299	2009-01-26	1019	2009	1019	4,3,4,3,1
1435	27053	2009-01-09	3018	1009	1002	5,3,4,4,5
1435	18171	2008-10-01	2008	3006	1006	4,3,4,4,3
1435	12	2008-09-21	4002	4000	1003	5,4,5,5,5
1435	14048	2008-09-08	3010	1004	1003	5,4,5,4,5
1435	12825	2008-07-11	2010	1002	1005	3,4,4,3,2
1435	12101	2008-06-23	3010	1002	1001	2,3,2,3,3
1435	3224	2008-06-16	1019	2001	1019	4,3,3,4,4
1435	12570	2008-06-01	3010	1002	1005	3,3,3,3,3
1435	3245	2008-05-27	2008	6000	1032	
1435	21414	2008-05-20	3018	1002	1005	3,3,3,3,2
1435	3245	2008-05-13	2008	6000	1032	4,3,4,4,4
1435	18711	2008-05-07	1019	4000	1006	2,2,1,1,1
1435	13653	2008-04-30	1022	3006	1006	4,3,4,3,5
1435	10167	2008-04-28	1019	2009	1002	1,3,2,2,1
1435	13994	2008-04-21	2028	1004	1001	3,3,3,3,1
1435	12826	2008-04-07	2010	1014	1005	
1435	17762	2008-03-31	2010	2009	1019	5,4,4,4,4
1435	10622	2008-03-17	1003	6000	1035	4,3,2,3,3
1435	17469	2008-02-17	1022	2009	1034	5,4,4,4,4
1435	18607	2007-09-13	1003	2009	1034	3,3,4,3,2
1435	10078	2007-06-02	3010	4000	1006	4,3,5,4,5
1435	17193	2007-02-15	1022	3006	1008	3,4,2,4,4
1435	11285	2007-01-27	1019	4000	1006	4,3,2,3,4
1435	4203	2007-01-16	1003	1002	1001	3,4,5,4,4
1435	15290	2007-01-16	1022	3006	1006	4,3,4,3,5
1435	18258	2007-01-15	1022	6000	1006	4,3,4,4,4
1435	17267	2007-01-05	1019	2009	1005	4,2,3,3,3
1435	12826	2007-01-04	2010	1014	1005	3,3,3,3,3
1435	15008	2007-01-01	2004	6000	1006	5,3,4,4,5
1435	16655	2006-10-09	3010	1004		3,3,4,3,4
1435	11884	2006-06-26	1022	1002	1005	5,3,4,4,5
1435	11884	2006-05-07	1022	1002	1005	5,3,4,4,5
1435	11265	2006-04-07	1022	2002	1006	4,3,4,4,5
1435	15447	2006-04-05	1008	1004	1001	4,3,5,4,4
1435	14735	2006-04-01	2010	1011	1001	4,3,4,4,5
1435	12380	2006-03-17	2008	2002	2	1,3,3,2,1
1435	13649	2006-03-17	1019	2009	1034	4,3,5,4,5
1435	14793	2006-03-17	1019	4000	1006	4,4,5,5,4
1435	5131	2006-03-17	1003	4000	1006	2,3,3,3,3
1435	15287	2006-03-12	2008	4000	1006	4,4,5,5,5
1435	3024	2005-12-31	1022	1002	1001	
1435	9846	2005-12-09	1019	2009	1034	4,3,4,4,5
1435	13139	2005-12-08	1008	1004	1005	4,2,3,2,5
1435	7434	2005-12-08	2002	4000	6000	3,3,4,4,5
1435	14807	2005-12-08	1019	4000	1003	5,3,4,4,5
1435	4194	2005-12-05	1022	1002	1001	4,2,3,3,3
1435	3072	2005-11-23	2028	2009	1001	3,2,4,3,5
1435	12135	2005-11-23	2008	4001	1008	4,2,3,3,3
1435	11389	2005-11-23	1003	6000	1006	4,3,2,2,3
1435	9846	2005-11-23	1019	2009	1034	3,3,3,3,3
1435	10239	2005-11-23	1005	1006	1022	4,4,2,4,3
1435	2873	2005-11-23	1022	6000	1006	3,3,4,3,4
1435	3224	2005-11-23	1019	2001	1019	2,3,2,2,1
1435	13848	2005-11-23	1019	4000	1010	4,5,4,4,3
1435	10606	2005-09-18	1022	1004	1009	3,4,4,5,3
1435	1235	2005-09-10	1019	1002	1010	4,3,4,4,3
1435	6715	2005-09-10	1019	4001	1008	5,4,5,5,5
1435	10302	2005-09-10	1019	3009		3,2,2,3,3
1435	8287	2005-09-09	1014	4000	1008	1,3,2,2,1
1435	3837	2005-09-09	1003	1004	1009	3,1,2,2,3
1435	10053	2005-09-09	1019	3010		4,3,3,4,3
1435	10234	2005-09-08	1003	2009	1034	4,3,4,4,3
1435	14558	2005-09-07	1019	1002	1001	3,3,3,4,4
1435	14543	2005-09-05	1019	1008	1021	4,3,4,3,4
1435	13649	2005-09-03	1019	2009	1034	4,3,5,4,4
1435	14352	2005-09-03	3018	2009	1021	2,1,1,1,3
1435	10608	2005-09-01	1019	1001	1001	1,3,1,2,1
1435	13244	2005-08-30	1022	4000	1008	4,3,5,3,3
1435	10428	2005-08-30	1022	1011	1001	3,2,3,3,4
1435	488	2005-08-26	1003	1002	1005	4,3,4,4,3
1435	8285	2005-08-26	1003	4001	1008	4,3,4,3,3
1435	11386	2005-08-26	1011	1004	1007	3,1,1,1,2
1435	8280	2005-08-26	1003	4001	1008	4,2,4,3,3
1435	13033	2005-08-24	1019	2004		4,1,3,3,4
1435	1973	2005-08-24	1022	1002	1005	3,2,4,1,4
1435	13244	2005-08-23	1022	4000	1008	3,3,4,3,3
1435	11087	2005-08-21	3015	1002		3,2,4,3,5
1435	969	2005-08-21	1022	1002	1007	3,3,4,2,4
1435	2303	2005-08-19	1011	1002	1005	3,3,4,3,4
1435	13973	2005-08-19	1003	4000	1006	4,3,3,3,4
1435	8280	2005-08-17	1003	4001	1008	5,2,5,4,4
1435	9796	2005-08-17	1011	3009	1007	1,2,2,2,1
1435	12207	2005-08-16	1022	2004	1009	4,3,2,3,3
1435	14444	2005-08-15	2028	4001	1008	3,3,4,3,4
1435	9830	2005-08-14	2028	1004	1001	4,2,3,3,4
1435	13001	2005-08-14	1022	1004	1009	3,3,4,3,4
1435	14413	2005-08-13	1011	3009	1007	3,3,3,3,3
1435	10106	2005-08-13	3018	1004	1003	2,2,3,2,3
1435	969	2005-08-13	1022	1002	1007	4,2,3,3,5
1435	10192	2005-08-12	1003	1011	1001	4,3,3,3,5
1435	14352	2005-08-11	3018	2009	1021	2,2,1,1,2
1435	12207	2005-08-09	1022	2004	1009	4,2,2,2,4
1435	5124	2005-08-09	1011	4000	1002	3,3,4,3,4
1435	101	2005-08-06	2028	2007		4,2,5,1,5
1435	2303	2005-08-05	1011	1002	1005	3,2,4,3,3
1435	9796	2005-08-05	1011	3009	1007	4,3,4,3,3
1435	11175	2005-08-05	1011	4001	1007	3,2,2,3,1
1435	8286	2005-08-04	1011	4001	1008	3,2,4,3,2
1435	14406	2005-08-03	1008	2002	2004	4,3,4,3,4
1435	10971	2005-08-01	1022	2002	1010	3,2,3,3,4
1435	10428	2005-07-30	1022	1011	1001	4,3,3,3,3
1435	10381	2005-07-30	1019	2004	7	4,3,4,3,3
1435	13609	2005-07-29	1022	4000	1002	4,3,4,3,4
1435	13737	2005-07-29	1003	4000	1006	1,4,2,1,2
1435	13008	2005-07-28	2006	1004	1009	3,3,3,3,3
1435	6282	2005-07-27	1019	2022	1003	2,3,3,3,3
1435	13567	2005-07-27	1022	4001	1008	4,3,4,3,2
1435	10302	2005-07-27	1019	3009		4,3,3,3,3
1435	13578	2005-07-27	2026	2009	1037	3,2,2,3,3
1435	12881	2005-07-26	2010	4000	1008	2,2,3,2,3
1435	10497	2005-07-26	1019	3006	1021	4,1,2,1,4
1435	8283	2005-07-25	1003	4000	1008	3,4,3,3,2
1435	191	2005-07-25	3005	4000	1010	3,3,4,3,4
1435	4060	2005-07-24	1019	3010	1003	4,3,3,3,4
1435	5131	2005-07-22	1003	4000	1006	4,2,4,2,5
1435	10192	2005-07-22	1003	1011	1001	3,2,2,3,4
1435	11066	2005-07-21	1022	4000	1006	4,3,4,3,4
1435	12667	2005-07-19	1019	1004	1009	2,1,2,1,2
1435	13244	2005-07-19	1022	4000	1008	4,3,4,3,4
1435	10250	2005-07-18	1022	1001	1009	1,1,1,1,1
1435	7265	2005-07-18	1022	1004	1009	3,2,4,3,4
1435	2496	2005-07-17	3018	1004	1009	3,2,3,2,4
1435	11334	2005-07-16	3015	2009	1034	4,3,3,3,3
1435	9972	2005-07-15	1019	2009	1034	2,4,2,3,2
1435	11056	2005-07-15	1019	1004	1001	1,2,3,2,1
1435	2561	2005-07-13	1022	4001	1007	2,3,1,1,2
1435	13029	2005-07-13	2008	2009	1034	2,2,4,2,3
1435	478	2005-07-11	1022	2003		2,3,3,3,3
1435	14299	2005-07-11	3003	1002	1005	3,3,3,3,4
1435	11145	2005-07-10	1022	4000	1008	3,3,4,4,2
1435	11438	2005-07-09	1019	2009	1034	
1435	9819	2005-07-09	3010	1004	1014	
1435	14276	2005-07-09	3010	1002	1001	1,1,2,2,1
1435	11438	2005-07-08	1019	2009	1034	4,3,4,3,5
1435	14282	2005-07-08	1011	4000	1027	5,3,4,4,5
1435	12893	2005-07-08	2010	4000	1007	5,3,3,3,4
1435	11386	2005-07-08	1011	1004	1007	4,2,4,4,4
1435	9867	2005-07-08	2010	1002	1001	2,3,2,2,3
1435	3332	2005-07-06	1022	1004	1009	3,3,4,3,3
1435	5376	2005-07-06	1019	1004	1010	2,2,1,1,1
1435	11176	2005-07-05	1003	1004		3,3,4,4,3
1435	14242	2005-06-29	1022	1004	1009	3,3,4,3,4
1435	41	2005-06-29	1019	2009	1005	3,1,1,3,3
1435	12101	2005-06-29	3010	1002	1001	3,3,4,3,4
1435	1864	2005-06-29	1022	1002	1005	4,3,4,4,3
1435	437	2005-06-27	1019	1005	1001	4,3,3,3,4
1435	13139	2005-06-26	1008	1004	1005	4,3,3,3,4
1435	10078	2005-06-26	3010	4000	1006	4,3,4,4,5
1435	7985	2005-06-26	3019	1011	1001	3,2,3,2,4
1435	13827	2005-06-26	2026	2009	1026	3,3,4,3,3
1435	10251	2005-06-26	1019	2009	1034	2,3,3,4,3
1435	565	2005-06-22	1019	1004	1009	4,3,4,4,3
1435	11940	2005-06-21	1003	2009	1034	2,4,3,3,3
1435	14160	2005-06-21	1022	4000	1006	4,2,4,3,5
1435	599	2005-06-21	1011	3010	1006	3,3,4,3,4
1435	11522	2005-06-18	1019	2009	1003	3,3,4,3,4
1435	13970	2005-06-15	1019	2009	1026	4,3,3,3,4
1435	2561	2005-06-15	1022	4001	1007	3,2,3,2,3
1435	5041	2005-06-15	1019	4000	1006	2,2,3,2,4
1435	6557	2005-06-13	3018	1004	1007	3,1,3,1,2
1435	10278	2005-06-12	1003	3006	1006	4,3,4,3,4
1435	13501	2005-06-11	3018	1004	1010	4,2,3,2,5
1435	13680	2005-06-11	1019	6000	1006	3,4,4,4,2
1435	10621	2005-06-10	1003	4002	1006	4,3,3,3,4
1435	12965	2005-06-08	1003	6000	1006	4,4,4,5,3
1435	12502	2005-06-08	2008	2009	1034	4,3,4,4,4
1435	14069	2005-06-06	3018	1012		4,3,4,3,3
1435	12502	2005-06-06	2008	2009	1034	4,3,3,3,5
1435	13947	2005-06-05	1019	2009	1034	
1435	13947	2005-06-03	1019	2009	1034	2,3,3,3,3
1435	13790	2005-06-01	1019	2009	1034	3,2,3,3,3
1435	10078	2005-05-31	3010	4000	1006	4,4,5,4,4
1435	24163	2005-05-31	8808	1004		5,3,3,3,5
1435	24162	2005-05-31	8808	4000		5,3,5,5,5
1435	24161	2005-05-31	8808	1002	1005	5,3,4,4,5
1435	24160	2005-05-31	8808	4000	1008	4,4,5,5,5
1435	24159	2005-05-31	8904	6000		4,3,2,3,3
1435	11066	2005-05-31	1022	4000	1006	4,3,4,4,3
1435	8035	2005-05-26	1022	2001	1019	3,3,3,3,4
1435	10522	2005-05-23	1003	4000	1010	4,4,4,3,3
1435	13088	2005-05-22	3003	1002	1005	3,2,4,4,4
1435	13609	2005-05-21	1022	4000	1002	3,3,3,3,3
1435	12128	2005-05-21	1022	1018	1001	4,3,4,3,5
1435	2561	2005-05-19	1022	4001	1007	3,3,2,1,1
1435	13095	2005-05-19	1003	3006	1006	5,5,3,5,3
1435	11335	2005-05-16	3015	4000	1002	3,3,4,3,4
1435	11638	2005-05-16	3015	1004	1015	2,1,2,1,3
1435	316	2005-05-16	1022	4000	1008	5,5,4,5,2
1435	13947	2005-05-15	1019	2009	1034	5,3,3,4,5
1435	10596	2005-05-11	1003	1010	1001	3,3,4,4,5
1435	13923	2005-05-08	1022	6000	1015	4,5,5,4,5
1435	13899	2005-05-07	3017	1001	1001	3,2,2,3,5
1435	10258	2005-05-04	2027	6000	1008	4,2,3,2,5
1435	13609	2005-05-04	1022	4000	1002	3,2,4,3,2
1435	24005	2005-05-04	8817	6000		2,4,3,3,2
1435	13042	2005-05-04	2020	1002	1005	4,2,4,3,4
1435	1534	2005-04-30	3018	1002	1001	3,3,3,4,2
1435	10608	2005-04-30	1019	1001	1001	4,3,4,3,5
1435	10215	2005-04-28	1022	4000	1008	4,3,3,2,4
1435	13323	2005-04-28	1022	2022	4000	3,4,3,3,2
1435	13615	2005-04-28	1022	1009	1015	1,3,2,3,1
1435	11438	2005-04-28	1019	2009	1034	4,2,3,3,5
1435	5847	2005-04-28	1003	4000	1006	2,3,4,4,2
1435	229	2005-04-28	1003	3010	1006	4,4,4,3,3
1435	11559	2005-04-24	3018	1005	1001	4,2,3,2,4
1435	10865	2005-04-23	1019	1002		3,3,2,3,5
1435	12243	2005-04-23	2001	1002	1001	4,3,4,3,4
1435	2561	2005-04-21	1022	4001	1007	3,4,2,3,3
1435	10753	2005-04-19	3018	2009	1034	3,3,3,3,4
1435	9731	2005-04-19	1008	1002	1005	3,2,2,3,5
1435	13244	2005-04-19	1022	4000	1008	4,3,4,3,4
1435	1864	2005-04-19	1022	1002	1005	2,3,4,3,2
1435	9738	2005-04-19	2003	1018	1001	1,3,3,3,1
1435	969	2005-04-18	1022	1002	1007	4,2,3,3,4
1435	11969	2005-04-16	1022	4000	1007	3,2,3,2,3
1435	13423	2005-04-16	1019	1011	1009	2,3,3,3,4
1435	13740	2005-04-16	1022	4000	1002	3,2,1,2,2
1435	10215	2005-04-14	1022	4000	1008	4,2,4,3,4
1435	13578	2005-04-14	2026	2009	1037	3,1,2,2,3
1435	13035	2005-04-12	1003	6000	1006	3,3,4,4,4
1435	12066	2005-04-12	1019	6000	1022	4,3,4,4,3
1435	10358	2005-04-12	1019	4000	1006	3,5,4,3,4
1435	12450	2005-04-12	1022	1002	1001	4,3,4,4,5
1435	13747	2005-04-10	2010	2004		4,3,3,3,5
1435	10078	2005-04-10	3010	4000	1006	4,3,4,4,5
1435	13048	2005-04-08	1019	6000	1006	1,3,4,1,1
1435	10608	2005-04-08	1019	1001	1001	2,3,4,3,3
1435	5772	2005-04-07	1019	1002	1020	3,2,3,1,4
1435	9967	2005-04-05	1003	3009		4,3,3,3,4
1435	387	2005-04-04	1003	3009	1006	2,4,5,3,2
1435	10216	2005-04-04	1001	1002	1005	5,3,4,3,4
1435	13649	2005-04-01	1019	2009	1034	
1435	6505	2005-03-28	1003	4001	1007	3,2,3,3,4
1435	11290	2005-03-28	1003	4000	1006	4,3,3,2,4
1435	12101	2005-03-27	3010	1002	1001	1,4,2,2,1
1435	4024	2005-03-25	1022	1004	1010	4,3,4,3,3
1435	13095	2005-03-25	1003	3006	1006	2,3,4,3,1
1435	529	2005-03-24	1011	4000	1006	2,4,1,2,1
1435	12425	2005-03-24	1003	6000	1006	2,2,1,3,1
1435	3837	2005-03-24	1003	1004	1009	3,3,3,3,3
1435	8280	2005-03-24	1003	4001	1008	4,4,4,4,4
1435	10240	2005-03-24	2008	2009	1021	3,3,2,2,2
1435	11963	2005-03-24	1019	4001	1008	3,3,3,3,3
1435	877	2005-03-21	2008	2001		4,3,3,3,4
1435	9830	2005-03-20	2028	1004	1001	3,3,3,3,4
1435	10384	2005-03-20	2010	1002	1001	
1435	6016	2005-03-10	2028	1004	1010	
1435	4203	2005-03-08	1003	1002	1001	
1435	8669	2005-03-08	1019	1009	1001	3,3,5,4,4
1435	4203	2005-03-06	1003	1002	1001	3,3,3,3,3
1435	3724	2005-03-05	1003	4000	1006	4,3,4,4,5
1435	6428	2005-03-04	2008	1004	1009	3,3,3,3,3
1435	6332	2005-03-04	1026	2009	1034	
1435	2968	2005-03-04	1011	1009	1008	3,3,3,3,3
1435	274	2005-03-04	1022	2009	1005	3,3,4,3,2
1435	10856	2005-03-03	1019	2009	1005	3,3,3,2,3
1435	11533	2005-03-03	1019	4000	1014	4,3,4,3,4
1435	5376	2005-03-02	1019	1004	1010	2,2,1,1,2
1435	12128	2005-03-02	1022	1018	1001	2,3,3,3,2
1435	7539	2005-03-02	1003	6000	1006	2,3,4,4,3
1435	11530	2005-02-24	1019	2009	1005	3,3,3,3,3
1435	10706	2005-02-24	1019	2009	1005	3,3,3,3,2
1435	3100	2005-02-23	1022	1011	1001	4,3,4,4,3
1435	10594	2005-02-23	1003	4001	1008	3,3,4,4,4
1435	1549	2005-02-23	1022	1004	1009	3,1,1,2,2
1435	13212	2005-02-22	1001	1002	1005	1,3,2,3,1
1435	9988	2005-02-19	1003	2009	1005	4,3,4,4,5
1435	6282	2005-02-16	1019	2022	1003	
1435	12537	2005-02-16	2010	4000	1024	3,5,5,4,2
1435	812	2005-02-14	1022	1002	1001	4,3,4,4,5
1435	13149	2005-02-11	1019	2009	1031	5,2,3,4,5
1435	12809	2005-02-09	1022	1009	1015	3,2,3,3,4
1435	6282	2005-02-09	1019	2022	1003	5,3,4,4,4
1435	10302	2005-01-31	1019	3009		4,3,4,4,2
1435	565	2005-01-31	1019	1004	1009	3,3,5,3,3
1435	10384	2005-01-31	2010	1002	1001	3,3,5,4,4
1435	13126	2005-01-28	2010	2009	1005	3,3,4,3,4
1435	9406	2005-01-27	1022	1002	1005	3,3,3,3,3
1435	9945	2005-01-27	2008	2009	1034	3,3,4,3,4
1435	11885	2005-01-21	1021	4000	1006	3,4,3,4,4
1435	8285	2005-01-14	1003	4001	1008	
1435	11884	2005-01-14	1022	1002	1005	2,3,3,3,4
1435	11876	2005-01-14	1003	4000		2,4,3,3,3
1435	10291	2005-01-12	1003	4000	1008	
1435	8738	2005-01-09	2019	1002	1005	2,3,3,3,3
1435	748	2005-01-09	1022	1002	1010	4,3,4,3,4
1435	7308	2005-01-09	2019	1004	1001	4,2,3,2,5
1435	3046	2005-01-06	1022	3006	1006	2,4,2,2,1
1435	3966	2005-01-06	2008	1002	1001	4,2,4,3,2
1435	3540	2005-01-06	2010	1002	1005	3,2,3,3,3
1435	233	2005-01-06	1005	3010	1006	4,4,5,4,4
1435	1370	2005-01-06	1003	1013	1001	3,3,4,3,1
1435	9369	2005-01-06	1022	1010	1001	2,2,2,3,1
1435	9406	2005-01-06	1022	1002	1005	3,3,3,3,3
1435	5012	2005-01-06	1003	4000	1006	3,3,4,3,3
1435	10962	2005-01-06	2010	4000		1,3,2,2,2
1435	12996	2005-01-04	2010	2004		2,3,3,3,2
1435	10497	2004-12-30	1019	3006	1021	3,2,2,3,4
1435	10320	2004-12-29	1019	1004	1010	4,2,2,2,4
1435	13070	2004-12-27	1019	4000	1006	3,3,2,3,3
1435	184	2004-12-27	2008	6000	1006	4,4,5,4,4
1435	12184	2004-12-25	2008	2009	1026	2,2,1,1,1
1435	90	2004-12-24	2028	1004	1009	3,3,4,5,3
1435	8283	2004-12-22	1003	4000	1008	
1435	12998	2004-12-22	3018	1002	1005	4,3,4,3,4
1435	371	2004-12-22	1019	2002	2004	4,4,5,4,4
1435	13031	2004-12-21	1019	1002	1005	3,1,2,2,1
1435	784	2004-12-19	1001	4000	1008	4,4,3,3,4
1435	10428	2004-12-19	1022	1011	1001	4,3,3,3,5
1435	793	2004-12-19	2001	1002	1001	5,3,2,3,3
1435	698	2004-12-11	1011	4000	1002	2,2,1,2,1
1435	9986	2004-12-10	1019	1004	1006	3,4,4,3,4
1435	3702	2004-12-05	3018	3006	1006	4,4,4,4,5
1435	10132	2004-12-05	1019	1008	1001	3,3,4,3,2
1435	10399	2004-11-29	1001	1002	2	4,3,1,1,1
1435	5682	2004-11-25	2028	1004	1009	3,3,3,3,3
1435	12450	2004-11-25	1022	1002	1001	4,4,4,5,5
1435	11334	2004-11-25	3015	2009	1034	3,3,3,3,3
1435	11941	2004-11-25	1003	6000	1006	4,5,4,4,4
1435	10370	2004-11-23	1022	2006	1002	4,3,4,3,5
1435	10883	2004-11-23	1022	4000		4,1,4,2,4
1435	5888	2004-11-22	2008	2009	1021	4,3,4,4,5
1435	2607	2004-11-14	1019	4000	1008	
1435	5922	2004-11-14	1011	1011	1001	3,3,4,3,2
1435	13001	2004-11-12	1022	1004	1009	4,3,3,3,3
1435	12537	2004-11-12	2010	4000	1024	
1435	3151	2004-11-12	1022	2007		5,3,4,3,5
1435	3008	2004-11-10	1008	4000	1003	
1435	9727	2004-11-10	1023	1011	1005	4,3,4,4,3
1435	2417	2004-11-10	3010	1002	1001	3,3,4,3,4
1435	10690	2004-11-06	1022	2005	1033	5,4,4,4,5
1435	793	2004-11-06	2001	1002	1001	3,3,3,3,3
1435	10384	2004-11-01	2010	1002	1001	5,4,5,4,4
1435	6282	2004-10-31	1019	2022	1003	4,4,4,4,5
1435	12615	2004-10-30	1008	3010	1003	
1435	12447	2004-10-30	3001	1004	1015	4,3,4,4,4
1435	191	2004-10-24	3005	4000	1010	4,3,4,3,4
1435	11221	2004-10-24	3005	1004	1014	
1435	11438	2004-10-24	1019	2009	1034	4,3,4,4,5
1435	7308	2004-10-24	2019	1004	1001	3,2,3,1,4
1435	10930	2004-10-24	2010	2009		3,2,2,3,4
1435	11669	2004-10-24	1017	1002	1001	3,3,2,3,2
1435	11068	2004-10-17	1003	4000	1031	5,1,1,1,2
1435	6246	2004-10-17	3018	1004	1001	
1435	12101	2004-10-17	3010	1002	1001	3,5,4,4,2
1435	1391	2004-10-17	2010	1004	1009	3,3,4,2,3
1435	4141	2004-10-17	1008	1011	1002	
1435	9835	2004-10-17	1003	1011	1001	5,4,4,4,5
1435	11890	2004-10-17	2003	2009	1034	4,4,2,4,3
1435	3828	2004-10-17	1003	1002	1005	4,4,3,4,3
1435	228	2004-09-08	1002	4000	1006	5,5,3,4,4
1435	10684	2004-07-14	2008	1001	1001	4,4,5,4,5
1435	10873	2004-06-30	2028	1010	1005	4,3,4,4,5
1435	11438	2004-06-19	1019	2009	1034	
1435	11285	2004-04-27	1019	4000	1006	4,4,1,3,2
1435	10100	2004-03-27	3018	1004	1009	5,3,5,4,5
1435	10384	2004-03-15	2010	1002	1001	5,5,4,5,5
1435	3262	2004-03-15	3005	3006	3012	3,5,4,4,4
1435	1348	2004-03-15	2010	1002	1005	5,5,5,5,5
1435	5102	2004-01-29	2008	4000	1006	4,5,5,5,3
1435	6161	2004-01-29	1022	4000	1006	2,4,4,4,3
1435	2691	2003-11-13	1011	3010	1006	5,5,5,5,4
1435	3988	2003-11-13	2008	4000	1011	5,4,4,3,5
1435	10001	2003-07-06	2008	1011	1001	3,1,1,3,1
1435	549	2003-03-31	1005	3021	1003	5,3,4,4,5
1435	3797	2003-03-31	1003	3006	1006	5,5,5,5,4
1435	2936	2003-02-01	2008	4001	1003	4,5,3,5,1
1435	7705	2003-02-01	2029	1002	1005	5,5,4,5,4
1435	63	2001-02-14	1017	3010	1006	3,4,5,4,3
1435	1644	2000-07-24	1019	4001	1007	4,2,3,2,3
1435	2936	2000-07-24	2008	4001	1003	2,5,5,5,1
1435	2855	2000-07-24	2002	4000	1006	3,5,4,5,2
1435	1488	2000-07-24	3007	4001	1007	4,3,3,2,4
1435	2422	2000-07-15	1003	2008		5,5,5,5,4
1435	1527	2000-07-11	1022	2009	1034	3,2,1,3,1
1435	3223	2000-03-29	2008	2001	1019	5,5,5,5,3
1435	5754	2000-03-28	1022	2009	1034	5,4,1,3,3
1435	4203	2000-02-16	1003	1002	1001	3,4,3,4,1
1435	728	2000-02-12	2008	2009	1005	5,4,5,5,5
1435	5275	1999-12-22	1003	4000	1006	3,5,3,3,3
1438	5923	1999-12-15	2015	2004	1009	4,4,4,5,5
1439	7304	2001-07-24	2015	3006	1006	5,5,5,5,5
1448	24146	2002-04-30	8808	3003	1006	2,2,1,3,3
1448	6985	2001-01-27	3002	1002	1018	3,3,2,3,3
1465	3197	2005-08-11	2008	2005	1006	1,2,1,1,1
1469	713	1999-12-20	1019	3011	1006	4,4,4,3,3
1469	2938	1999-12-20	2008	3006	1011	5,5,5,5,4
1477	11906	2013-07-15	1018	1004	1016	3,3,3,3,3
1477	137198	2013-06-20	3002	4000	1006	4,3,3,3,4
1477	15220	2013-06-17	3002	1004	1009	1,3,1,3,2
1477	89355	2013-06-17	1001	1004	1010	4,4,4,4,3
1477	7026	2013-06-10	3002	1002	1001	4,3,3,3,3
1477	7026	2013-06-10	3002	1002	1001	4,3,3,3,3
1477	131321	2013-06-09	3008	3010	3012	5,4,5,4,5
1477	15833	2013-06-06	2010	6000	1011	5,4,5,4,4
1477	20946	2013-05-30	3002	1004	1009	4,3,3,3,5
1477	130563	2013-05-30	1008	1004	1001	4,4,4,4,4
1477	118698	2013-05-28	2008	1002	1001	5,4,4,4,5
1477	31507	2013-05-24	1001	1002	1005	4,3,3,3,4
1477	10081	2013-05-22	3002	1011	1001	4,3,4,4,4
1477	14785	2013-05-20	2008	1004	1023	4,3,4,3,4
1477	122846	2013-05-18	3002	6000	1006	4,4,4,4,4
1477	18423	2013-05-17	1001	1004	1002	4,3,3,3,4
1477	89355	2013-05-15	1001	1004	1010	3,4,3,4,3
1477	31556	2013-05-15	1001	1003	1010	2,3,3,3,2
1477	14850	2013-05-14	2008	4000	1007	4,4,3,4,3
1477	17811	2013-05-12	1003	1004	1010	3,3,3,3,5
1477	15669	2013-05-12	1001	1004	1009	3,3,3,3,4
1477	1868	2013-05-11	1003	1002	1005	5,3,4,3,4
1477	1491	2013-05-11	1022	1002	1001	4,3,3,3,4
1477	38124	2013-05-09	1001	1016	1039	4,3,3,3,4
1477	15220	2013-05-07	3002	1004	1009	4,3,3,3,4
1477	15010	2013-05-07	3007	1004	1009	3,3,3,3,2
1477	48669	2013-05-07	1001	1011	1018	4,4,4,4,3
1477	7029	2013-05-05	3002	1002	1009	4,3,4,3,3
1477	9966	2013-05-05	1003	1004	1001	3,3,3,3,2
1477	19296	2013-05-03	1001	1004	1002	4,3,3,3,3
1477	15953	2013-05-01	1001	2002		4,3,3,4,4
1477	19316	2013-05-01	3016	1004	1001	4,3,3,3,3
1477	20005	2013-05-01	3002	1004	1009	3,3,3,3,4
1477	51141	2013-05-01	1001	1004	1009	3,3,3,3,3
1477	20969	2013-05-01	3002	1002	1001	4,3,4,3,4
1477	20946	2013-04-30	3002	1004	1009	4,3,3,3,4
1477	19313	2013-04-21	3016	1004	1001	4,3,3,3,4
1477	122846	2013-04-16	3002	6000	1006	4,4,4,4,4
1477	12302	2013-04-15	1001	1004	1009	3,3,3,3,3
1477	3378	2013-04-15	1001	1004	1001	4,3,4,3,4
1477	1825	2013-04-14	1003	1002	1010	4,3,4,3,3
1477	15987	2013-04-10	1018	1004	1010	4,3,3,4,3
1477	116820	2013-04-09	3002	1008	1001	4,3,3,3,3
1477	47061	2013-04-08	1001	1002	1001	5,4,4,4,4
1477	14785	2013-04-08	2008	1004	1023	4,3,4,3,4
1477	42338	2012-07-17	3002	1004	1015	4,3,3,3,4
1477	3330	2012-07-17	1003	1002	1010	4,3,3,4,2
1477	10072	2012-07-15	1003	1004	1013	4,3,3,4,3
1477	48669	2011-07-28	1001	1011	1018	4,4,4,4,4
1477	50182	2011-07-25	2026	3006	1022	4,4,3,4,4
1477	48155	2011-07-24	2008	2005		4,3,3,3,4
1477	51105	2011-07-24	2008	2001	1015	4,3,4,3,4
1477	20946	2011-06-06	3002	1004	1009	4,3,3,3,5
1477	32237	2011-06-05	3014	1004	1009	5,4,4,4,4
1477	26081	2011-06-05	3002	1004	1014	4,3,4,3,4
1477	1308	2011-03-02	2008	1011	1018	5,4,4,4,3
1477	6202	2011-02-27	2002	1002	1001	4,3,3,4,3
1477	32222	2011-02-23	3002	3006	1006	4,3,4,3,4
1477	3519	2011-02-20	1008	1001	1001	4,3,4,3,4
1477	15592	2011-02-13	3002	3006	1006	5,4,5,4,4
1477	10654	2011-02-12	1001	1026	1010	4,3,4,3,5
1477	47564	2011-02-08	2008	1009	1001	3,4,4,4,2
1477	41935	2011-02-06	1001	1004	1009	3,3,3,3,1
1477	19916	2011-01-29	1001	1002	1001	5,3,4,4,3
1477	48685	2011-01-26	3002	1004	1015	5,3,3,3,4
1477	30428	2011-01-25	1014	1002	1005	3,4,4,3,2
1477	12302	2011-01-21	1001	1004	1009	3,3,3,3,3
1477	12475	2011-01-16	2005	1002		3,3,3,3,3
1477	18675	2011-01-15	3008	1004	1002	5,3,4,4,5
1477	8032	2011-01-08	1022	1002		4,3,4,3,4
1477	14303	2011-01-06	3002	1004	1009	4,3,3,3,5
1477	10715	2011-01-05	3002	1002		5,3,4,4,3
1477	18880	2011-01-02	1001	2002	1009	4,4,4,4,4
1477	15592	2010-12-31	3002	3006	1006	5,4,4,4,4
1477	47526	2010-09-25	1022	1002	1009	4,3,3,4,4
1477	48457	2010-09-24	3002	1004	1015	3,3,3,3,3
1477	1172	2010-09-23	1001	1004	1009	4,3,3,3,2
1477	40770	2010-09-22	3002	1004	1007	4,4,3,4,3
1477	17310	2010-09-21	3002	1004	1009	4,3,3,3,4
1477	3957	2010-09-20	2025	1002	1005	4,4,3,4,3
1477	39696	2010-09-19	4002	1011	1005	4,4,3,4,3
1477	10072	2010-09-18	1003	1004	1013	5,3,3,3,3
1477	22459	2010-09-12	1019	1004	1009	4,3,3,3,3
1477	23519	2010-09-11	1001	1004		4,3,3,3,3
1477	38556	2010-09-11	2010	1001		4,3,3,3,4
1477	13752	2010-09-09	3008	3010	1023	5,4,5,4,4
1477	18737	2010-07-13	1001	1004	1007	4,3,3,3,3
1477	9963	2010-07-01	2008	1004	1005	4,4,5,4,4
1477	41935	2010-06-27	1001	1004	1009	3,3,3,3,3
1477	19623	2010-06-24	1022	1004	1009	2,3,3,3,3
1477	32480	2010-06-24	2019	1008	1010	3,3,3,3,2
1477	17724	2010-06-23	2010	6000	1006	3,4,3,3,3
1477	20688	2010-06-19	2010	3006	1002	4,4,4,4,3
1477	15918	2010-06-13	1019	2009	1032	3,3,4,3,2
1477	3378	2010-06-12	1001	1004	1001	4,3,3,3,4
1477	5965	2010-06-11	2025	1002	1001	5,3,4,3,5
1477	2676	2010-06-09	2028	1010	1001	4,3,3,3,3
1477	3086	2010-06-08	1012	1002	1010	5,3,4,3,3
1477	1755	2010-06-08	2011	1002	1013	3,3,3,4,3
1477	9712	2010-06-08	2028	1004	1014	3,2,3,3,3
1477	43811	2010-06-06	1001	1002	1036	4,3,3,4,3
1477	31507	2010-06-05	1001	1002	1005	3,3,3,3,3
1477	7434	2010-06-04	2002	4000	6000	4,4,4,4,3
1477	15641	2010-06-03	1023	6000		4,4,3,3,4
1477	18146	2010-06-01	2010	3006	1006	4,4,4,4,4
1477	18880	2010-05-30	1001	2002	1009	4,3,4,3,3
1477	23682	2010-05-29	1008	1004	1005	3,4,3,3,4
1477	17965	2010-05-29	3001	3010	1006	4,4,5,4,5
1477	31797	2010-05-28	3001	4001	1007	4,4,4,4,3
1477	3711	2010-05-28	1019	3006	1006	4,4,3,4,3
1477	528	2010-05-23	1022	1004	1006	4,5,4,4,3
1477	26308	2010-05-22	1001	4000	1006	4,4,5,4,5
1477	41191	2010-05-19	2010	1002	1005	4,4,4,4,3
1477	18356	2010-05-18	3001	1004	1010	5,3,4,3,3
1477	16174	2010-05-17	1001	1004	1009	4,3,3,3,4
1477	12943	2010-05-16	1003	1004	1009	
1477	16384	2010-05-16	1003	1004	1001	4,3,4,3,3
1477	19234	2010-05-15	1001	3006	1006	4,3,3,4,4
1477	17950	2010-05-15	2002	2009	1026	4,3,4,4,3
1477	22878	2010-05-15	1001	2002	1010	4,4,3,4,3
1477	9966	2010-05-11	1003	1004	1001	4,3,3,3,3
1477	4148	2010-05-10	1008	1002	1001	4,3,3,3,4
1477	40640	2010-05-09	3001	1004	1001	4,3,3,3,3
1477	27168	2010-05-09	3001	1004	1020	3,3,3,3,4
1477	19393	2010-05-08	1008	1004	1005	2,3,3,3,3
1477	38556	2010-05-08	2010	1001		3,3,3,3,5
1477	18128	2010-05-08	1001	1004	1010	4,4,4,3,4
1477	3086	2010-05-08	1012	1002	1010	5,3,4,3,4
1477	14123	2010-05-03	2008	4000	1008	4,4,3,4,3
1477	3284	2010-05-02	2022	1004	1002	4,3,4,3,3
1477	12943	2010-03-15	1003	1004	1009	3,3,3,3,3
1477	27052	2010-03-07	1003	1002	1010	4,4,4,4,4
1477	26590	2010-03-06	1003	1004	1009	3,3,3,3,3
1477	1078	2010-03-01	3001	1004	1009	3,2,3,3,3
1477	16632	2010-02-28	1022	1004	1005	3,3,3,3,3
1477	18880	2010-02-27	1001	2002	1009	3,4,3,3,3
1477	22608	2010-02-27	1003	1004	1010	4,4,3,4,3
1477	3436	2010-02-22	2008	1010	1001	4,3,4,3,3
1477	39179	2010-02-16	2008	1011	1005	4,4,4,4,4
1477	11590	2010-02-14	3001	1002	1005	4,4,4,4,3
1477	26837	2010-02-08	1022	1004	1001	3,4,3,3,2
1477	7281	2010-02-07	3001	1002	1009	4,2,3,3,4
1477	22585	2010-02-04	3001	3006	1002	5,3,3,4,3
1477	15953	2010-02-02	1001	2002		4,3,3,3,4
1477	14739	2010-02-01	2019	1004	1015	4,2,3,3,3
1477	14739	2010-02-01	2019	1004	1015	4,2,3,3,3
1477	9374	2010-02-01	2028	6000	1006	4,4,4,4,4
1477	23668	2010-01-31	1019	1004	1009	4,3,3,3,3
1477	16696	2010-01-31	3001	2009	1034	3,3,3,3,4
1477	22230	2010-01-31	3001	4000		4,3,3,3,3
1477	18310	2010-01-30	1022	1004	1009	3,3,3,3,3
1477	32067	2010-01-28	1001	1004		4,3,3,3,4
1477	11965	2010-01-27	2010	1004	1015	4,3,3,3,3
1477	23627	2010-01-26	3005	1002	1001	4,4,4,4,2
1477	10580	2010-01-24	1003	1002	1004	4,2,3,3,3
1477	11734	2010-01-20	3002	1004	1010	5,3,4,3,4
1477	4014	2009-11-15	2020	1008	1001	4,3,3,4,4
1477	30924	2009-11-13	3001	1004	1009	4,3,3,3,4
1477	153	2009-11-13	3001	4000	1006	4,4,3,3,4
1477	7298	2009-11-08	3001	1004	1009	4,3,3,3,4
1477	30737	2009-11-07	2019	1008	1010	4,3,3,3,4
1477	32067	2009-11-01	1001	1004		4,3,3,3,3
1477	26587	2009-11-01	1022	1002	1005	3,4,3,4,3
1477	30716	2009-07-16	1008	1004	1009	4,3,3,3,4
1477	21006	2009-07-15	3001	3006		4,3,3,3,4
1477	23314	2009-07-13	1021	6000		4,4,3,4,3
1477	25871	2009-07-12	1022	1004	1014	4,3,3,4,2
1477	16934	2009-06-22	2019	6000		4,4,3,3,4
1477	25709	2009-06-22	3001	1004		4,3,3,3,3
1477	23594	2009-06-17	2015	1004	2004	4,4,3,3,4
1477	23213	2009-06-16	3001	2005	2006	4,3,3,3,4
1477	20939	2009-06-15	1001	1004	1007	3,3,4,3,4
1477	6202	2009-06-15	2002	1002	1001	3,3,3,4,3
1477	12853	2009-06-12	2015	1002	1005	3,4,3,4,3
1477	16076	2009-06-07	1021	1002	1001	4,4,3,4,2
1477	11845	2009-06-07	1001	4000	1006	4,4,3,4,4
1477	7277	2009-06-03	3001	1011	1001	4,3,3,3,3
1477	5785	2009-06-01	1003	1004	1009	4,3,4,3,2
1477	1314	2009-06-01	3007	1005	1001	4,4,4,3,4
1477	11372	2009-05-25	2028	1007	1001	4,4,3,4,3
1477	14874	2009-05-24	2010	1009	1001	4,4,3,3,3
1477	19972	2009-05-23	2008	1002	1001	4,5,4,4,3
1477	5246	2009-05-18	1003	1004	1007	3,3,3,3,3
1477	31445	2009-05-17	1003	1004	1009	3,3,3,3,2
1477	7291	2009-05-17	3001	1002	1001	4,3,3,3,4
1477	17444	2009-05-10	3001	2009	1034	4,4,3,4,3
1477	25275	2009-05-03	3001	1004		4,3,3,3,4
1477	7277	2009-05-02	3001	1011	1001	4,3,3,3,4
1477	18737	2009-05-02	1001	1004	1007	3,3,3,3,3
1477	27052	2009-05-01	1003	1002	1010	4,4,4,4,3
1477	18635	2009-04-29	2008	2009	1035	4,4,4,4,5
1477	1864	2009-04-28	1022	1002	1005	5,3,4,4,3
1477	27029	2009-04-26	1008	1002	1001	4,3,3,3,4
1477	7277	2009-04-22	3001	1011	1001	4,3,3,3,5
1477	23375	2009-04-17	3012	1004	1009	3,3,3,3,3
1477	22230	2009-04-14	3001	4000		2,3,3,3,3
1477	15531	2009-04-12	4009	6000	1011	4,5,5,4,4
1477	20161	2009-04-12	3001	1004	1009	4,4,3,3,4
1477	11574	2009-04-08	2010	1004	1005	3,4,3,3,4
1477	12456	2009-04-06	1001	2009	1005	4,4,4,4,3
1477	30799	2009-04-06	3001	1004	1009	4,4,3,3,3
1477	9472	2009-04-02	3001	4001	1007	3,3,3,4,3
1477	12302	2009-04-02	1001	1004	1009	3,3,3,3,2
1477	14941	2009-03-31	1001	1004	1007	3,3,3,4,4
1477	14941	2009-03-31	1001	1004	1007	3,3,3,4,4
1477	22878	2009-03-28	1001	2002	1010	4,3,3,3,2
1477	18348	2009-03-28	4002	4001	1007	4,4,3,4,2
1477	12542	2009-03-28	2008	1004	1016	4,3,3,3,4
1477	30924	2009-03-26	3001	1004	1009	4,3,4,3,3
1477	30665	2009-03-10	3001	1004	1010	4,3,3,3,3
1477	18737	2009-03-10	1001	1004	1007	4,3,3,3,3
1477	13212	2009-03-09	1001	1002	1005	4,4,3,3,3
1477	3519	2009-03-09	1008	1001	1001	3,3,3,3,4
1477	9891	2009-03-04	2008	4001	1022	4,4,2,4,3
1477	11551	2009-03-02	1001	1002	1001	4,4,5,4,4
1477	22417	2009-02-26	3001	1004	1001	4,3,3,3,3
1477	18356	2009-02-24	3001	1004	1010	4,3,3,3,3
1477	25275	2009-02-23	3001	1004		4,3,3,3,4
1477	11566	2009-02-23	3001	1004	1007	3,4,3,3,3
1477	26178	2009-02-23	1001	1004	1001	4,4,4,4,4
1477	14972	2009-02-21	2010	2005	1003	3,4,3,3,3
1477	22417	2009-02-21	3001	1004	1001	4,3,3,3,3
1477	12349	2009-02-18	3001	6000	1006	4,4,3,3,2
1477	2167	2009-02-18	2008	4001	1007	4,4,3,4,4
1477	30665	2009-02-18	3001	1004	1010	4,3,3,3,4
1477	15953	2009-02-16	1001	2002		4,4,3,4,4
1477	21290	2009-02-15	2029	2004		4,4,3,4,4
1477	906	2009-02-14	3008	1002	1001	4,3,3,3,3
1477	15669	2009-02-09	1001	1004	1009	3,3,3,3,3
1477	25275	2009-02-08	3001	1004		4,3,3,3,4
1477	30424	2009-02-04	2009	1004		4,3,3,3,4
1477	5882	2009-02-03	1001	4001	1007	4,3,3,3,3
1477	19234	2009-02-01	1001	3006	1006	3,4,3,3,4
1477	30372	2009-01-30	1022	1004	1001	4,4,3,4,4
1477	25215	2009-01-29	3001	1002	1018	3,2,2,3,3
1477	7283	2009-01-28	3001	1004	1009	4,3,3,3,4
1477	18737	2009-01-28	1001	1004	1007	4,4,3,4,3
1477	17956	2009-01-28	1008	2009	1034	3,4,3,3,3
1477	23670	2009-01-26	2008	1002	1005	4,4,4,4,3
1477	16192	2009-01-25	1001	2009	1007	4,3,3,4,4
1477	21603	2009-01-24	2011	1004		3,3,3,3,3
1477	16307	2009-01-22	2028	1004	1014	4,3,3,3,4
1477	22069	2009-01-19	2019	1002		3,3,3,3,4
1477	12302	2009-01-18	1001	1004	1009	3,3,3,3,2
1477	27226	2009-01-18	2009	1004	1007	3,3,3,3,4
1477	27168	2009-01-18	3001	1004	1020	3,3,3,3,4
1477	11695	2009-01-17	2010	1003	1001	4,4,4,4,3
1477	27226	2009-01-15	2009	1004	1007	3,3,3,3,5
1477	19234	2009-01-15	1001	3006	1006	4,3,3,4,4
1477	10323	2009-01-14	2009	1004	1009	4,3,3,3,2
1477	886	2009-01-12	2009	1002	1009	1,2,2,3,2
1477	22608	2009-01-11	1003	1004	1010	4,4,4,4,3
1477	20939	2009-01-10	1001	1004	1007	4,4,4,4,4
1477	1868	2009-01-10	1003	1002	1005	5,3,4,3,4
1477	7239	2009-01-10	1019	1003	1001	4,4,4,4,4
1477	207	2009-01-08	2008	4000	1011	4,4,3,4,4
1477	14667	2009-01-07	2010	6000		4,4,3,4,3
1477	7281	2009-01-07	3001	1002	1009	4,3,3,2,4
1477	14528	2009-01-06	2010	1001	1009	4,3,3,3,5
1477	7291	2009-01-05	3001	1002	1001	4,3,3,3,4
1477	11551	2009-01-05	1001	1002	1001	4,4,5,5,4
1477	27052	2009-01-03	1003	1002	1010	4,4,4,4,4
1477	26590	2009-01-03	1003	1004	1009	3,4,4,3,3
1477	18377	2009-01-02	2028	1018	1001	3,3,3,3,3
1477	13354	2009-01-02	2029	1002	1009	5,3,4,4,3
1477	15953	2009-01-01	1001	2002		4,3,4,4,4
1477	20161	2009-01-01	3001	1004	1009	4,4,4,4,4
1477	1886	2008-12-30	1003	4000	1009	3,4,4,3,3
1477	19115	2008-12-30	2005	1004	1007	3,4,3,4,4
1477	7283	2008-12-29	3001	1004	1009	4,3,4,3,4
1477	23519	2008-12-29	1001	1004		4,3,3,3,4
1477	11104	2008-12-28	1001	1002	1005	3,4,4,4,4
1477	16174	2008-12-25	1001	1004	1009	4,3,4,3,4
1477	17568	2008-12-24	3001	1004	1018	4,3,3,3,5
1477	16934	2008-12-22	2019	6000		4,4,3,3,4
1477	12943	2008-12-21	1003	1004	1009	4,3,3,3,3
1477	9365	2008-12-21	2010	1002	1005	3,3,2,3,3
1477	17481	2008-12-20	1022	1004	1001	4,3,3,4,3
1477	20161	2008-12-19	3001	1004	1009	4,4,4,4,5
1477	25275	2008-12-15	3001	1004		4,3,3,3,4
1477	11253	2008-12-10	2008	1002	1005	4,3,3,3,4
1477	15057	2008-12-09	2019	2009	1026	3,3,3,3,5
1477	10654	2008-12-01	1001	1026	1010	4,3,3,4,5
1477	22417	2008-12-01	3001	1004	1001	4,3,3,3,3
1477	3438	2008-11-28	2010	1004	1009	3,4,3,3,2
1477	1868	2008-11-21	1003	1002	1005	5,3,4,3,4
1477	11104	2008-11-19	1001	1002	1005	4,4,3,4,4
1477	6202	2008-11-17	2002	1002	1001	4,3,3,4,4
1477	11551	2008-11-16	1001	1002	1001	5,5,5,4,4
1477	26322	2008-11-05	3001	1004	1009	4,3,3,3,4
1477	18302	2008-11-04	3001	1004	1010	3,3,3,3,2
1477	11551	2008-11-03	1001	1002	1001	
1477	11551	2008-11-03	1001	1002	1001	5,5,5,4,4
1477	22227	2008-11-03	1022	1002	1030	3,3,3,3,4
1477	11845	2008-11-02	1001	4000	1006	4,4,3,4,4
1477	19234	2008-11-02	1001	3006	1006	4,4,4,4,4
1477	9472	2008-11-01	3001	4001	1007	4,3,3,4,4
1477	25536	2008-10-31	2005	1004	1003	4,3,3,4,3
1477	6641	2008-10-28	3001	2006		4,4,4,4,3
1477	19088	2008-10-27	3001	2009	1005	3,4,3,4,1
1477	11551	2008-10-26	1001	1002	1001	4,5,5,4,3
1477	11127	2008-10-23	2010	2002	1009	4,3,3,3,3
1477	6075	2008-10-20	1001	1004	1009	4,3,3,3,3
1477	8132	2008-10-18	2030	1002	1013	4,3,3,3,3
1477	13356	2008-10-18	1008	1002	1001	2,2,3,3,3
1477	21104	2008-10-17	3008	1004	1007	4,3,3,3,4
1477	7857	2008-10-17	2010	1004	1014	4,3,3,3,3
1477	4014	2008-10-11	2020	1008	1001	5,3,4,3,4
1477	19234	2008-10-11	1001	3006	1006	4,4,3,3,4
1477	14418	2008-10-01	2028	1002	1001	4,3,3,4,3
1477	2676	2008-10-01	2028	1010	1001	
1477	11253	2008-09-21	2008	1002	1005	
1477	2174	2008-09-21	2008	4001	1007	4,4,3,4,3
1477	19234	2008-09-20	1001	3006	1006	4,4,3,3,4
1477	17568	2008-09-19	3001	1004	1018	4,3,3,3,4
1477	22230	2008-09-18	3001	4000		4,3,3,3,3
1477	12943	2008-09-17	1003	1004	1009	
1477	12302	2008-09-16	1001	1004	1009	3,3,3,3,3
1477	2613	2008-09-16	2002	4000	1006	4,4,3,4,3
1477	16965	2008-09-16	1019	1004	1005	
1477	23470	2008-09-13	1001	1004	1004	4,4,3,4,3
1477	2676	2008-09-13	2028	1010	1001	4,3,3,3,4
1477	11372	2008-09-11	2028	1007	1001	4,4,4,4,3
1477	18302	2008-09-08	3001	1004	1010	4,3,3,3,3
1477	15968	2008-09-08	1003	4000	1008	
1477	12943	2008-09-07	1003	1004	1009	
1477	22230	2008-09-07	3001	4000		4,3,4,3,4
1477	11566	2008-09-06	3001	1004	1007	
1477	2613	2008-09-06	2002	4000	1006	4,4,4,4,3
1477	19234	2008-09-06	1001	3006	1006	4,4,3,3,5
1477	22126	2008-08-25	3007	1001	1001	4,4,4,4,5
1477	17820	2008-08-24	1022	1004	1009	4,3,4,4,3
1477	3540	2008-08-23	2010	1002	1005	4,4,3,3,3
1477	18356	2008-08-19	3001	1004	1010	5,3,4,4,4
1477	1868	2008-08-19	1003	1002	1005	5,3,4,3,4
1477	9400	2008-08-17	1003	2002	1001	4,4,4,4,5
1477	18244	2008-08-17	1001	1004	1009	3,3,3,3,3
1477	23519	2008-08-17	1001	1004		4,4,4,3,4
1477	2676	2008-08-03	2028	1010	1001	4,3,4,3,4
1477	8145	2008-08-02	2008	2006	1019	4,3,4,3,4
1477	3023	2008-08-01	1001	1002	1018	5,3,3,4,4
1477	16646	2008-07-31	1004	1004	1015	4,3,3,4,4
1477	8602	2008-07-28	2028	1005	1001	4,3,4,3,5
1477	16174	2008-07-27	1001	1004	1009	
1477	22126	2008-07-27	3007	1001	1001	4,4,4,4,4
1477	13191	2008-07-27	1001	1004	1009	3,3,3,3,3
1477	10259	2008-07-25	1022	1008	1001	4,4,3,4,3
1477	19115	2008-07-24	2005	1004	1007	3,4,3,4,3
1477	13777	2008-07-24	1022	1002	1005	4,4,3,4,4
1477	18310	2008-07-24	1022	1004	1009	4,4,3,3,4
1477	1618	2008-07-21	1003	1002	1010	5,2,2,3,2
1477	10652	2008-07-20	1001	1002	1001	2,3,2,3,2
1477	10577	2008-07-20	1003	1004	1009	
1477	5882	2008-07-15	1001	4001	1007	3,4,3,4,3
1477	591	2008-07-14	2002	3010	1006	4,4,4,4,4
1477	14810	2008-07-14	1001	1001	1016	4,3,3,3,4
1477	17568	2008-07-08	3001	1004	1018	3,3,3,3,4
1477	13645	2008-07-08	3007	4000	1008	4,4,3,4,3
1477	1599	2008-07-06	1022	1002	1001	4,3,3,3,4
1477	2464	2008-06-30	1019	1002	1005	4,4,4,4,4
1477	15953	2008-06-30	1001	2002		4,4,4,4,4
1477	7837	2008-06-22	1022	1002	1001	4,2,3,2,3
1477	13683	2008-06-22	1022	1007	1001	5,4,4,5,4
1477	6202	2008-06-17	2002	1002	1001	3,4,5,4,4
1477	11590	2008-06-16	3001	1002	1005	4,4,4,4,4
1477	18737	2008-06-15	1001	1004	1007	2,4,3,3,3
1477	15106	2008-06-15	1003	4001	1010	
1477	23519	2008-06-12	1001	1004		4,3,3,3,4
1477	22230	2008-06-11	3001	4000		4,3,4,3,3
1477	11127	2008-06-11	2010	2002	1009	4,3,4,3,3
1477	17811	2008-06-08	1003	1004	1010	4,3,3,3,5
1477	18737	2008-06-08	1001	1004	1007	4,4,3,4,4
1477	11372	2008-06-08	2028	1007	1001	4,4,4,4,4
1477	18302	2008-06-05	3001	1004	1010	4,3,3,3,4
1477	22230	2008-06-05	3001	4000		4,3,4,3,4
1477	22230	2008-06-05	3001	4000		4,3,4,3,5
1477	11062	2008-06-03	3007	4000	1008	4,4,4,4,4
1477	15466	2008-06-03	3001	2009	1007	4,4,2,4,4
1477	2739	2008-06-02	3001	3006	1002	4,5,4,4,5
1477	15784	2008-06-01	2028	1002	1001	4,4,4,4,4
1477	18125	2008-06-01	1008	1004	1001	5,4,4,4,3
1477	9472	2008-06-01	3001	4001	1007	4,4,2,4,4
1477	23213	2008-05-31	3001	2005	2006	4,3,4,3,4
1477	10604	2008-05-31	1017	1002	1001	5,4,5,4,4
1477	13445	2008-05-31	1001	1004	1008	4,3,4,4,4
1477	22230	2008-05-26	3001	4000		4,2,3,3,3
1477	13354	2008-05-25	2029	1002	1009	4,3,4,3,3
1477	21275	2008-05-25	1019	1004		4,4,3,4,4
1477	1868	2008-05-25	1003	1002	1005	5,3,4,3,5
1477	10654	2008-05-20	1001	1026	1010	4,3,3,4,5
1477	18356	2008-05-19	3001	1004	1010	4,3,3,3,3
1477	7283	2008-05-19	3001	1004	1009	3,3,3,3,3
1477	470	2008-05-19	3002	2004	5	4,4,3,3,4
1477	18302	2008-05-19	3001	1004	1010	4,3,4,3,4
1477	18356	2008-04-29	3001	1004	1010	5,3,4,4,4
1477	18302	2008-04-28	3001	1004	1010	5,3,4,3,4
1477	20674	2008-04-28	3001	4000	1003	4,3,4,4,4
1477	10654	2008-04-26	1001	1026	1010	4,3,3,4,5
1477	22811	2008-04-26	2011	1009		3,4,3,4,2
1477	3023	2008-04-26	1001	1002	1018	4,3,3,3,4
1477	22018	2008-04-26	1001	1004		3,3,2,3,2
1477	12349	2008-04-22	3001	6000	1006	4,4,4,4,3
1477	10259	2008-04-19	1022	1008	1001	4,4,4,4,4
1477	13356	2008-04-19	1008	1002	1001	5,2,3,3,4
1477	7398	2008-04-17	2011	1009		3,3,3,3,3
1477	13243	2008-04-17	3001	1002	1005	
1477	20939	2008-04-16	1001	1004	1007	4,4,4,4,4
1477	21941	2008-04-15	3001	1011	1001	4,4,4,4,4
1477	22018	2008-04-14	1001	1004		4,3,3,4,4
1477	13354	2008-04-11	2029	1002	1009	5,3,3,3,4
1477	7281	2008-04-10	3001	1002	1009	4,2,3,3,4
1477	1854	2008-04-07	1008	1001	1001	4,4,4,4,3
1477	22418	2008-04-05	3001	1004	1009	4,3,4,3,3
1477	17274	2008-04-05	3001	1004	1009	4,3,3,3,3
1477	7291	2008-04-05	3001	1002	1001	4,3,4,4,4
1477	3023	2008-04-05	1001	1002	1018	5,3,4,3,4
1477	15466	2008-03-31	3001	2009	1007	
1477	12302	2008-03-31	1001	1004	1009	3,3,1,3,3
1477	13629	2008-03-31	1003	4001	1008	4,4,4,4,3
1477	19115	2008-03-24	2005	1004	1007	
1477	11180	2008-03-23	2008	1004	1012	4,3,3,3,4
1477	5882	2008-03-23	1001	4001	1007	3,4,3,4,3
1477	6202	2008-03-20	2002	1002	1001	4,4,4,4,5
1477	7291	2008-03-18	3001	1002	1001	4,3,4,3,3
1477	15466	2008-03-17	3001	2009	1007	4,4,3,4,4
1477	13445	2008-03-15	1001	1004	1008	4,3,4,4,4
1477	19088	2008-03-15	3001	2009	1005	4,4,4,4,3
1477	7298	2008-03-12	3001	1004	1009	4,2,3,3,4
1477	20840	2008-03-11	3008	4000	1006	5,5,4,4,4
1477	17412	2008-03-11	2027	2009	1005	4,4,3,4,3
1477	19922	2008-03-10	2030	6000		4,4,4,4,3
1477	17956	2008-03-03	1008	2009	1034	4,4,4,4,4
1477	4148	2008-02-28	1008	1002	1001	5,3,3,3,3
1477	6113	2008-02-28	3001	4000	1003	4,4,4,5,4
1477	10586	2008-02-28	2010	1002	1005	4,4,4,4,3
1477	7298	2008-02-28	3001	1004	1009	5,3,3,3,3
1477	12826	2008-02-27	2010	1014	1005	3,3,3,4,2
1477	7268	2008-02-26	3001	1001	1009	4,3,3,4,4
1477	12542	2008-02-26	2008	1004	1016	4,3,4,3,4
1477	21270	2008-02-15	3008	1002	1004	3,3,3,3,2
1477	18557	2008-02-11	2003	1002	1001	4,4,4,4,4
1477	7161	2008-02-02	3008	1011	1001	4,3,3,3,4
1477	12302	2008-01-27	1001	1004	1009	4,3,3,4,4
1477	6376	2008-01-27	3008	1004	1018	3,4,4,4,4
1477	19088	2008-01-26	3001	2009	1005	4,4,3,4,4
1477	21002	2008-01-26	2008	1009	1011	3,4,5,5,2
1477	13752	2008-01-25	3008	3010	1023	4,3,4,4,4
1477	20840	2008-01-21	3008	4000	1006	5,5,5,5,4
1477	12302	2008-01-21	1001	1004	1009	3,3,4,3,3
1477	17853	2008-01-12	1003	2009		4,4,4,5,3
1477	20840	2008-01-12	3008	4000	1006	5,5,5,5,4
1477	12542	2008-01-01	2008	1004	1016	4,3,4,4,3
1477	15953	2008-01-01	1001	2002		4,4,4,4,4
1477	3970	2007-12-17	1003	2009	1032	5,4,4,5,4
1477	17353	2007-12-17	2008	1003	1026	4,3,3,3,4
1477	16327	2007-12-12	2026	2009	1032	4,4,4,4,4
1477	16028	2007-12-10	3004	1004	1007	4,5,3,3,3
1477	17720	2007-11-17	2010	1004	1009	3,3,1,3,3
1477	5903	2007-11-17	3001	2009	1026	4,4,3,4,3
1477	14893	2007-11-17	3008	1004	1001	5,3,4,3,4
1477	12529	2007-11-07	3008	1005	1001	4,3,3,3,3
1477	13044	2007-11-05	1003	4000	1010	3,4,2,5,3
1477	11621	2007-11-04	1001	1002	1001	4,4,4,4,4
1477	10586	2007-11-04	2010	1002	1005	3,3,1,4,3
1477	15934	2007-11-02	2015	1004	1007	4,4,4,4,5
1477	7773	2007-10-30	2015	1008	1005	5,4,3,4,4
1477	12861	2007-10-30	2010	4000	1003	2,4,3,3,1
1477	13752	2007-10-04	3008	3010	1023	5,4,5,4,5
1477	7773	2007-09-25	2015	1008	1005	4,4,3,4,3
1477	1629	2007-09-09	2010	1002	1001	4,4,4,4,4
1477	14893	2007-09-09	3008	1004	1001	4,3,4,4,4
1477	1916	2007-09-09	1003	1002	1001	4,4,3,4,5
1477	6444	2007-09-09	1022	1001	1010	4,4,4,4,4
1477	15936	2007-09-09	2008	2009	1005	4,4,4,4,3
1477	12302	2007-09-08	1001	1004	1009	3,4,4,3,4
1477	14264	2007-08-30	3008	1004	1015	3,3,3,3,3
1477	13752	2007-08-29	3008	3010	1023	5,4,4,4,5
1477	16937	2007-08-29	3008	1004	1001	4,3,3,4,3
1477	11730	2007-08-26	1022	2009	1005	4,4,5,5,4
1477	2218	2007-08-26	3008	4001	1007	4,4,1,4,3
1477	12679	2007-08-26	3008	2009	1007	4,4,4,4,5
1477	8391	2007-08-23	3008	1002	1005	3,4,4,4,3
1477	3519	2007-08-20	1008	1001	1001	5,3,4,3,4
1477	11730	2007-08-20	1022	2009	1005	4,4,3,4,3
1477	3453	2007-08-11	1017	1002	1016	3,2,3,2,3
1477	7182	2007-08-11	3008	1001	1010	
1477	2942	2007-08-11	3006	1004	1004	3,3,3,4,1
1477	7162	2007-08-06	3008	1004	1009	4,3,3,4,3
1477	9923	2007-08-05	2028	3006	1008	5,3,4,4,5
1477	15794	2007-07-22	1003	1010	1001	4,3,4,4,5
1477	13752	2007-07-14	3008	3010	1023	5,4,4,4,5
1477	12542	2007-07-02	2008	1004	1016	4,3,4,3,3
1477	8378	2007-06-08	3008	1004	1009	3,3,3,3,4
1477	14528	2007-06-07	2010	1001	1009	4,3,3,3,5
1477	12243	2007-06-05	2001	1002	1001	3,4,1,3,3
1477	14972	2007-06-05	2010	2005	1003	4,4,4,4,4
1477	14940	2007-06-04	1001	1009	1006	4,4,4,5,4
1477	13573	2007-06-04	1008	1004	1001	4,5,3,4,4
1477	13034	2007-06-03	1022	1004	1005	3,4,1,4,3
1477	14972	2007-06-03	2010	2005	1003	4,4,4,4,5
1477	12819	2007-05-31	1022	1002	1001	4,5,4,5,2
1477	16021	2007-05-30	1022	1004	1009	4,3,4,4,3
1477	413	2007-05-30	1001	1001	1005	4,4,4,5,4
1477	10581	2007-05-27	1003	1004	1002	
1477	16174	2007-05-27	1001	1004	1009	4,3,4,3,5
1477	3324	2007-05-27	1003	1002	1002	
1477	11220	2007-05-26	1001	1004		4,3,4,3,4
1477	13777	2007-05-26	1022	1002	1005	4,4,3,4,5
1477	13445	2007-05-26	1001	1004	1008	4,4,4,5,5
1477	13752	2007-05-26	3008	3010	1023	
1477	17801	2007-05-11	1019	1002	1005	
1477	12823	2007-04-17	2008	1002	1001	4,4,4,5,4
1477	13976	2007-04-08	2011	1004	1015	4,4,4,4,3
1477	6686	2007-04-08	1001	1010	1001	4,4,5,4,4
1477	12302	2007-04-08	1001	1004	1009	3,4,4,3,3
1477	14893	2007-01-23	3008	1004	1001	4,3,4,4,5
1477	8103	2007-01-23	3007	4000	1007	4,4,3,5,3
1477	10976	2007-01-23	3007	4000	1007	3,4,3,4,5
1477	11695	2006-10-05	2010	1003	1001	4,4,4,5,4
1477	1886	2006-09-24	1003	4000	1009	4,3,4,4,4
1477	16327	2006-09-24	2026	2009	1032	4,4,5,5,5
1477	9923	2006-09-13	2028	3006	1008	4,2,3,3,5
1477	14748	2006-08-31	1003	1004	1010	4,3,4,3,5
1477	7772	2006-08-31	2019	1002	1005	4,4,3,4,5
1477	11329	2006-08-26	1008	1004	1009	4,4,3,4,5
1477	12128	2006-08-26	1022	1018	1001	4,4,4,4,4
1477	10131	2006-08-26	2002	2002	1001	3,4,4,5,3
1477	10733	2006-08-22	1003	1002	1001	4,2,4,3,2
1477	1308	2006-08-17	2008	1011	1018	4,4,3,5,3
1477	14879	2006-07-30	1003	1004	1009	3,3,3,3,5
1477	4036	2006-07-30	2028	1004	1009	4,3,4,3,5
1477	3174	2006-07-29	1001	1001	1001	4,3,3,4,4
1477	13752	2006-07-23	3008	3010	1023	5,4,4,4,5
1477	4187	2006-07-22	1022	1002	1001	4,4,4,4,3
1477	6202	2006-07-15	2002	1002	1001	4,4,4,4,3
1477	10482	2006-07-15	3001	4000	1003	4,4,3,4,3
1477	14041	2006-07-15	1008	1004	1005	4,4,4,4,4
1477	11695	2006-07-15	2010	1003	1001	4,4,5,4,3
1477	3837	2006-07-15	1003	1004	1009	4,3,3,3,2
1477	10567	2006-07-09	1003	1010	1001	5,3,4,3,4
1477	11845	2006-06-18	1001	4000	1006	4,4,4,5,4
1477	13591	2006-06-11	1022	1002	1001	4,5,5,5,3
1477	14123	2006-03-11	2008	4000	1008	4,4,4,5,3
1477	7705	2006-02-13	2029	1002	1005	3,4,4,4,3
1477	6202	2006-01-03	2002	1002	1001	4,4,3,4,4
1477	14661	2005-12-13	1008	4000	1006	4,5,4,5,5
1477	12466	2005-12-04	2010	1011	1001	4,3,3,4,3
1477	13752	2005-11-09	3008	3010	1023	5,4,5,4,5
1477	4014	2005-09-25	2020	1008	1001	5,4,5,4,4
1477	13752	2005-09-24	3008	3010	1023	5,4,5,5,4
1477	11372	2005-09-20	2028	1007	1001	5,4,4,5,4
1477	13191	2005-09-18	1001	1004	1009	3,4,4,4,3
1477	13318	2005-09-17	1001	2005		4,3,3,4,4
1477	153	2005-09-16	3001	4000	1006	4,4,4,4,4
1477	7281	2005-09-15	3001	1002	1009	4,3,4,3,4
1477	13367	2005-09-13	3001	1004	1009	4,4,4,4,4
1477	12349	2005-09-12	3001	6000	1006	3,4,2,4,3
1477	3544	2005-09-12	3002	1002	1005	4,4,5,4,3
1477	13367	2005-09-12	3001	1004	1009	4,4,3,3,4
1477	153	2005-09-12	3001	4000	1006	4,4,3,4,4
1477	1502	2005-09-12	1012	1002	1001	4,5,4,5,2
1477	10961	2005-09-12	2010	1001	1011	4,4,4,5,5
1477	13752	2005-09-08	3008	3010	1023	
1477	1885	2005-09-06	2020	1002	1001	4,3,3,3,4
1477	13752	2005-09-06	3008	3010	1023	
1477	10654	2005-09-06	1001	1026	1010	
1477	12302	2005-09-06	1001	1004	1009	4,3,3,3,3
1477	12578	2005-09-06	1001	1004	1001	4,3,5,4,5
1477	10652	2005-09-06	1001	1002	1001	5,4,4,4,4
1477	12823	2005-09-05	2008	1002	1001	4,5,4,5,3
1477	13752	2005-09-05	3008	3010	1023	5,4,5,4,5
1477	9966	2005-09-04	1003	1004	1001	4,3,4,3,5
1477	7281	2005-08-31	3001	1002	1009	4,3,4,3,5
1477	13752	2005-08-30	3008	3010	1023	5,4,5,4,5
1477	13752	2005-08-26	3008	3010	1023	5,4,5,4,5
1477	13752	2005-08-22	3008	3010	1023	5,4,5,4,5
1477	1973	2005-08-22	1022	1002	1005	4,3,5,3,4
1477	13752	2005-08-21	3008	3010	1023	5,4,5,4,5
1477	7927	2005-05-14	3018	1004	1009	
1477	467	2005-05-10	2012	1002	1001	4,4,4,5,2
1477	13516	2005-05-10	3018	1002	1001	4,3,3,3,2
1477	2794	2005-05-09	2022	1004	1002	4,3,4,3,5
1477	11585	2005-05-09	2022	4000	1006	4,4,4,5,4
1477	4180	2005-05-04	1008	1002	1014	5,3,3,3,4
1477	4014	2005-04-21	2020	1008	1001	5,4,4,4,4
1477	4024	2005-04-17	1022	1004	1010	5,3,4,4,3
1477	13752	2005-04-15	3008	3010	1023	5,4,5,4,5
1477	12336	2005-04-10	2030	2009	1034	4,4,4,4,4
1477	13378	2005-04-10	2022	2009	1034	4,4,5,5,4
1477	3085	2005-04-10	2028	1002	1001	4,4,3,4,4
1477	12890	2005-04-04	1001	1001	1016	4,3,4,4,3
1477	23734	2005-02-11	8808	1002	1005	4,3,5,4,4
1477	3086	2004-12-20	1012	1002	1010	5,3,2,3,4
1477	8391	2004-11-18	3008	1002	1005	4,4,4,5,4
1477	11495	2004-11-17	3018	1010		5,5,4,4,4
1477	11586	2004-11-14	1003	1004	1009	5,4,4,4,5
1477	2464	2004-11-13	1019	1002	1005	5,4,4,5,4
1477	436	2004-09-05	2010	1005	1001	5,4,4,5,5
1477	6657	2004-08-10	2008	1002	1001	
1477	5	2004-08-07	1001	1004	1009	
1477	1893	2004-08-06	1022	4000	1006	
1477	3023	2004-08-06	1001	1002	1018	5,3,4,4,4
1477	7161	2004-08-06	3008	1011	1001	4,3,3,3,4
1477	11050	2004-08-06	3008	4000	1006	4,4,4,4,4
1477	1456	2004-08-05	3018	1002	1001	4,4,4,4,5
1477	10259	2004-08-03	1022	1008	1001	3,4,3,4,3
1477	9027	2004-07-03	1019	2002	1010	3,3,3,3,4
1477	10259	2004-06-21	1022	1008	1001	4,4,4,5,3
1477	3138	2004-05-28	1001	1002	1005	3,3,3,3,3
1477	10652	2004-05-20	1001	1002	1001	4,4,4,4,4
1477	3872	2004-05-19	1022	1002	1001	3,3,3,3,3
1477	1893	2004-05-19	1022	4000	1006	4,3,3,3,5
1477	10398	2004-05-19	1001	4000		3,3,3,3,3
1477	2519	2004-05-19	1022	1002	1001	3,3,3,3,3
1477	2121	2004-05-19	1022	4001	1007	3,4,3,4,4
1477	2306	2004-05-18	1022	1002		3,3,3,3,3
1477	319	2004-05-18	1003	4001	1007	3,3,3,3,3
1477	6164	2004-05-18	1001	4001	1008	3,3,3,3,3
1477	23734	2004-05-15	8808	1002	1005	5,3,4,3,4
1477	1326	2004-05-14	1001	1002	1001	3,3,3,3,3
1477	1864	2004-05-14	1022	1002	1005	4,5,5,5,2
1477	3138	2004-05-14	1001	1002	1005	3,3,3,3,3
1477	10340	2004-05-14	1019	1002	1005	4,4,4,4,5
1477	11020	2004-05-14	1001	1002	1005	4,4,4,4,4
1477	1022	2004-05-14	1001	1011	1001	3,3,3,3,3
1477	3159	2004-05-14	1001	1002	1010	3,3,3,3,3
1477	9975	2004-05-14	1003	1002	1005	4,4,4,4,4
1477	2704	2002-05-30	2015	4001	1006	3,4,3,4,3
1477	3696	2000-06-08	1003	3006	1006	4,5,4,4,3
1477	4057	2000-01-09	1026	1009	1015	4,4,5,4,4
1477	1684	2000-01-07	1001	1002	1001	3,5,3,4,3
1477	2779	2000-01-07	1001	1002	1001	4,4,4,5,5
1477	6148	2000-01-07	1019	4000	1006	4,5,5,5,4
1477	1222	2000-01-02	1001	1004	1005	4,5,4,5,3
1477	1172	2000-01-02	1001	1004	1009	4,3,4,3,4
1484	3820	1999-12-19	2004	1004	1010	4,3,3,4,4
1488	47262	2011-07-11	1019	4000	1007	4,4,4,4,5
1488	13740	2011-07-11	1022	4000	1002	4,4,4,4,5
1488	50883	2011-07-11	1022	2009	1005	4,2,4,4,3
1488	50371	2011-07-11	1022	4001	1015	3,3,4,4,3
1488	41467	2011-07-05	1022	1004	1009	3,4,4,4,4
1488	49775	2011-02-01	2008	2009	1019	4,4,4,4,3
1488	42091	2011-01-19	2008	4000	1008	5,5,5,5,5
1488	25883	2011-01-07	3018	1011	1001	4,4,4,4,5
1488	47450	2010-08-22	3003	1009		2,3,3,3,3
1488	31514	2010-07-01	2008	3006	4000	5,4,4,4,5
1488	46458	2010-07-01	1001	4001	1007	4,4,4,4,4
1488	38884	2010-06-28	2008	2009	1005	4,4,4,4,4
1488	31849	2010-06-12	2008	2001	1008	4,4,4,4,4
1488	97	2010-06-12	2008	3001	1008	4,4,4,4,4
1488	24294	2010-06-12	8904	3006	1011	2,4,4,4,2
1488	16206	2010-05-09	3005	1002	1005	4,4,4,4,4
1488	14667	2009-12-05	2010	6000		5,3,3,3,5
1488	10639	2009-12-05	2008	1011	1005	3,3,3,3,1
1488	12662	2009-12-05	1019	1004	1006	5,3,5,4,5
1488	7559	2009-09-07	2008	1004	1006	3,3,3,4,3
1488	26677	2009-01-24	1003	4001		3,4,4,4,1
1488	10733	2008-11-08	1003	1002	1001	4,3,4,4,3
1488	23453	2008-11-08	1003	4001	1007	4,4,4,4,3
1488	9988	2008-11-08	1003	2009	1005	4,3,2,4,2
1488	5233	2008-10-19	1003	1004	1007	4,3,4,3,5
1488	16072	2008-08-17	1019	4000		4,5,5,4,3
1488	1307	2008-08-10	1004	1011	1018	4,3,4,4,1
1488	2721	2008-08-06	3015	3006	1002	4,4,4,5,4
1488	18070	2008-08-06	1014	2009	1007	5,4,4,5,4
1488	8683	2008-07-01	3003	3006	1006	4,4,5,4,4
1488	18842	2008-04-07	2015	1008	1002	5,1,5,1,5
1488	20475	2008-02-03	3005	1004	1014	1,3,2,3,1
1488	15034	2006-10-30	3003	4000	1006	4,4,4,4,5
1488	90	2006-03-30	2028	1004	1009	4,3,4,4,3
1488	14140	2005-06-30	3003	1004	1004	5,2,3,3,5
1488	10332	2005-05-08	1003	1010	1001	4,3,4,4,3
1488	10060	2005-05-08	1003	1004	1001	1,2,1,3,1
1488	6947	2005-04-22	3003	1002	1005	3,3,3,2,3
1488	5233	2005-04-21	1003	1004	1007	3,3,3,3,3
1488	12675	2005-02-06	2008	1004	1001	4,4,5,4,2
1488	529	2005-01-28	1011	4000	1006	4,4,4,5,3
1488	11321	2005-01-26	2008	2005		2,3,2,3,1
1488	3262	2005-01-08	3005	3006	3012	
1488	10915	2004-10-31	2008	4000	1006	3,5,4,4,5
1488	10425	2004-10-31	3003	1004		3,1,3,1,4
1491	349	1999-12-20	3017	1004	1005	1,2,2,1,2
1494	3711	2000-06-09	1019	3006	1006	4,4,5,5,3
1496	931	1999-12-20	2008	2006		4,4,5,5,4
1507	3578	1999-12-20	2008	2004	1032	4,3,3,3,3
1513	1869	2000-08-24	2008	1002		5,4,5,3,5
1513	7303	2000-08-22	1022	4000	1006	4,5,5,5,5
1513	1116	2000-08-17	2008	1002	1001	2,3,1,4,1
1513	2671	2000-08-16	2010	1010	1001	3,4,3,5,4
1513	5660	2000-08-15	2028	1004	1006	5,4,3,4,5
1513	24007	2000-08-15	8888	3003	1	5,5,5,5,5
1513	3653	2000-08-11	2008	4000	1010	3,4,5,5,5
1513	3460	2000-08-11	2010	1004	1014	3,3,3,5,4
1513	6904	2000-08-09	2015	2009	1005	3,4,4,5,4
1513	6214	2000-08-09	2010	2002	1010	2,3,4,4,2
1513	6451	2000-08-09	3007	2009	1005	3,4,3,5,4
1513	3039	2000-08-09	1019	6000		4,4,5,4,5
1513	1859	2000-08-08	2010	1002	1005	3,5,5,4,2
1513	2893	2000-08-08	2008	2009	1005	2,2,1,3,1
1513	363	2000-08-08	1019	1004	1002	3,4,4,4,2
1513	3320	2000-08-08	2008	1010	1001	4,4,4,4,4
1513	3749	2000-08-08	3007	1004	1006	3,3,3,3,3
1513	7333	2000-08-08	2029	4000	1006	4,4,4,4,4
1513	2987	2000-08-08	2015	1009	1008	1,2,3,4,1
1513	7308	2000-08-08	2019	1004	1001	3,3,4,3,3
1513	4134	2000-08-08	2011	1004	1009	5,3,4,4,3
1513	5765	2000-08-08	2010	1004	1009	4,3,4,4,5
1513	5444	2000-08-03	3007	2002		4,4,4,5,5
1513	546	2000-08-03	1019	2006	1031	4,3,3,5,4
1513	6206	2000-08-03	2010	1009	1001	5,3,4,5,5
1513	3413	2000-08-03	2001	1004	1015	2,2,4,4,2
1513	3699	2000-06-08	2028	3006	1006	3,4,3,5,4
1513	5273	2000-05-23	1019	1010		2,4,4,4,2
1513	6149	2000-04-23	3012	2009	1032	5,3,5,5,5
1513	5377	2000-03-21	2029	1002	1005	1,3,4,4,3
1513	468	2000-03-21	2013	1004	1014	5,3,4,5,4
1513	4157	2000-03-21	2011	2009	1005	5,3,5,5,5
1513	3144	2000-03-21	2029	1002	1001	2,3,3,3,3
1513	6414	2000-03-21	2029	4000	1003	4,4,5,5,5
1513	6067	2000-03-20	1022	1004	1008	4,4,3,4,5
1513	4099	2000-03-20	2011	1009	1010	3,3,3,5,5
1513	671	2000-03-20	2010	1010	1001	5,3,5,5,5
1513	2885	2000-01-16	3007	1004	1007	3,4,3,4,3
1513	5595	2000-01-06	2010	1002	1001	4,2,1,3,3
1513	1754	1999-12-27	2019	1004	1015	5,2,3,2,5
1513	5475	1999-12-26	2010	4001		2,3,2,2,2
1513	1477	1999-12-26	2010	1004	1010	5,2,2,2,5
1513	3041	1999-12-23	2010	6000		4,2,5,2,5
1513	2377	1999-12-21	2010	1004	1015	4,4,4,5,5
1518	121218	2013-07-09	3005	1004	1009	4,4,4,4,4
1518	41702	2010-07-19	7203	1011	1032	4,5,5,5,4
1518	13329	2008-11-05	1022	1002	1023	
1518	3523	2004-07-05	2022	1002	1001	3,3,1,3,3
1518	24081	2001-07-24	8904	3003	1006	5,4,4,5,5
1518	6952	2001-04-02	3003	1004	1005	5,5,5,5,5
1518	2659	2001-04-02	1002	6000	1006	5,5,5,5,4
1518	244	2000-11-03	2008	4000	1006	4,5,4,5,4
1518	7530	2000-11-03	3017	3006	1006	2,4,3,4,3
1518	23766	2000-08-21	8808	1002		5,5,5,5,5
1518	5444	2000-08-20	3007	2002		4,4,4,5,5
1518	6242	2000-08-20	2003	1002	1001	5,5,4,5,4
1518	23933	2000-08-20	8904	3003		5,5,5,5,5
1519	6005	1999-12-21	3017	2009	1003	2,4,3,4,4
1520	3708	2000-06-12	3007	3006	1006	5,5,5,5,3
1521	5682	2001-06-07	2028	1004	1009	5,3,3,3,4
1526	3709	2000-07-16	2008	3006	1006	4,4,2,3,3
1529	5989	1999-12-22	1022	2006	1002	5,4,4,4,4
1533	25845	2011-05-08	1003	1002	1001	4,4,4,4,4
1533	13083	2011-05-08	2008	1008	1001	4,4,4,4,4
1533	16057	2011-05-02	2029	1002	1001	4,3,3,2,4
1533	10160	2011-04-30	2019	1011	1001	4,3,3,4,4
1533	50945	2011-04-27	2001	1004	1010	2,3,3,4,4
1533	49943	2011-04-25	2008	2009	1019	4,4,4,4,4
1533	48287	2011-04-22	2028	1008	1001	4,3,4,3,4
1533	50291	2011-04-22	2008	1002	1005	4,4,4,4,4
1533	48272	2011-04-22	2008	1004	1001	4,4,4,4,4
1533	26170	2011-04-21	3018	1002	1001	4,4,4,4,4
1533	50612	2011-04-06	2008	2009	1028	4,4,4,4,4
1533	42005	2011-03-29	1019	2009		4,3,4,4,4
1533	40526	2010-12-10	2029	1002	1036	3,3,3,4,4
1533	48531	2010-12-10	2001	1002	1001	4,4,4,4,4
1533	31292	2010-12-10	2002	3006	1006	4,2,3,3,5
1533	49231	2010-12-10	2002	1004	1031	4,3,4,4,3
1533	3223	2010-12-10	2008	2001	1019	3,3,3,4,3
1533	30	2010-12-10	2008	2009	1034	4,4,5,4,4
1533	5956	2009-06-21	4005	1002	1001	4,3,4,3,4
1533	17096	2009-06-20	2008	2009	1024	3,4,4,4,3
1533	10009	2009-06-20	2028	2009	1026	4,3,3,3,4
1533	11439	2009-06-18	1003	1002	1001	4,4,4,4,4
1533	26908	2009-06-05	2010	1009	1002	3,2,3,3,3
1533	26775	2009-06-04	2028	1002	1005	4,3,4,4,4
1533	13850	2008-08-31	1019	2009	1034	4,4,4,4,4
1533	18842	2008-08-23	2015	1008	1002	5,3,3,3,5
1533	23511	2008-08-23	2028	1008	1072	3,3,3,3,4
1533	20856	2008-08-20	2008	3006	1011	4,4,4,4,4
1533	30	2008-08-16	2008	2009	1034	4,4,4,4,4
1533	25548	2008-08-16	1019	2009	1034	4,4,4,4,4
1533	10000	2008-03-23	1001	1002	1001	4,3,2,3,3
1533	17825	2008-03-22	1008	1018	1001	4,3,3,4,3
1533	10422	2008-03-22	2002	2004		4,4,4,4,4
1533	11442	2008-03-21	1004	1001	1004	4,3,3,3,4
1533	120	2008-03-21	2009	1002	1001	4,3,4,4,4
1533	544	2008-01-16	2008	2006	1006	4,4,3,3,4
1533	18816	2008-01-12	2005	2005		3,4,3,3,4
1533	11387	2008-01-12	1022	1001	1005	4,4,4,4,5
1533	14176	2007-12-30	2031	1002	1005	4,4,3,4,4
1533	14257	2007-12-30	2019	1004	1016	4,3,3,3,4
1533	19418	2007-12-30	2008	3011	1006	4,5,3,4,3
1533	9861	2007-12-30	2008	2009		3,4,3,3,3
1533	15271	2007-12-30	1019	1001	1001	5,4,4,4,4
1533	20743	2007-12-30	1022	1002	1030	4,4,5,4,4
1533	17786	2007-10-07	1014	4000	1006	5,3,4,4,4
1533	9875	2007-10-07	2010	2004		4,4,4,4,4
1533	18912	2007-10-07	2002	4000	1006	3,4,4,4,4
1533	13444	2007-10-07	2019	1003	1010	4,3,3,3,4
1533	17794	2007-10-07	2031	1028	6	4,4,3,3,4
1533	688	2007-09-28	1014	4000	1010	4,4,4,3,4
1533	11572	2007-09-26	3015	4000	1006	4,4,4,4,4
1533	16853	2007-09-24	2019	2009	1005	4,4,4,4,4
1533	13229	2007-09-24	1003	4000	1010	3,4,3,3,4
1533	17950	2007-09-23	2002	2009	1026	4,4,4,4,4
1533	3953	2007-09-23	2019	1004	1010	4,3,3,3,4
1533	17871	2007-09-14	1022	4000	1006	
1533	18874	2007-09-03	2008	2009	1034	4,4,4,4,4
1533	10854	2007-09-03	2031	1004	1009	3,3,3,3,3
1533	17951	2007-09-03	2002	2009	1072	4,4,4,4,4
1533	17789	2007-09-02	1019	2009		4,5,4,4,4
1533	13049	2007-07-13	1003	1002	1005	5,4,5,5,4
1533	14873	2007-06-19	3005	4000	1006	3,3,3,3,3
1533	14956	2007-06-19	2008	3011	4002	4,4,4,4,3
1533	17951	2007-06-14	2002	2009	1072	4,4,4,4,4
1533	16945	2007-05-14	2008	1004	1001	5,4,3,4,4
1533	14620	2007-04-12	1003	2009	1034	4,3,5,4,4
1533	16044	2007-04-12	2001	2004		4,3,3,3,4
1533	6394	2007-04-10	2001	1012		3,4,4,4,4
1533	384	2007-04-08	2015	3006	1003	4,5,5,5,4
1533	13114	2007-04-05	2019	1004	1016	4,3,3,3,3
1533	17890	2007-04-02	2013	2004	1002	4,3,3,3,3
1533	17890	2007-04-01	2013	2004	1002	4,3,3,3,4
1533	12967	2007-04-01	2019	1004	1016	4,3,3,3,3
1533	15985	2007-03-27	2008	2001	1019	4,4,4,4,4
1533	4207	2007-03-25	2008	1008	1001	
1533	12350	2007-03-17	2019	2009	1034	3,3,3,3,4
1533	14226	2007-03-17	2001	2004	1019	4,3,3,3,3
1533	16013	2007-03-17	2028	2009		4,4,4,4,4
1533	2841	2007-03-17	2002	3021	4000	
1533	16643	2007-03-15	1019	2009	1024	5,5,5,5,4
1533	11884	2007-03-13	1022	1002	1005	5,4,4,4,4
1533	12628	2007-03-13	2004	1004	1016	5,3,4,3,4
1533	9732	2007-03-03	2028	1002	1001	5,4,4,4,4
1533	14749	2007-01-03	2010	1002		4,4,4,4,3
1533	15659	2007-01-02	2015	1001	1001	4,5,5,5,5
1533	13036	2006-12-30	1022	3010	1006	4,5,5,5,4
1533	14948	2006-12-15	2005	1018	1001	4,4,4,4,4
1533	12380	2006-12-07	2008	2002	2	4,5,4,5,4
1533	12686	2006-12-03	2019	1002	1001	5,3,5,4,5
1533	16704	2006-11-20	2029	1002	1005	4,4,4,5,5
1533	587	2006-11-20	2008	3001	1002	2,4,4,4,3
1533	12628	2006-11-20	2004	1004	1016	5,3,4,3,4
1533	11884	2006-11-20	1022	1002	1005	4,5,5,5,5
1533	15446	2006-09-25	2008	2022	1006	4,5,4,5,3
1533	16458	2006-09-12	2016	2009	1034	4,3,4,4,4
1533	14977	2006-09-06	2002	1002	1001	4,5,4,4,3
1533	15379	2006-08-31	3003	2009	1034	4,4,4,4,4
1533	9732	2006-08-31	2028	1002	1001	5,4,4,4,3
1533	15864	2006-08-28	2031	1002	1001	1,4,3,4,3
1533	12243	2006-08-26	2001	1002	1001	4,4,3,4,3
1533	10939	2006-08-19	2008	2004		4,3,4,4,5
1533	15784	2006-08-18	2028	1002	1001	4,4,4,4,3
1533	9647	2006-04-02	3003	2009	1005	5,4,5,4,5
1533	972	2005-12-19	2010	2002	1009	4,4,3,3,3
1533	1859	2005-12-19	2010	1002	1005	4,3,4,3,3
1533	13658	2005-12-16	2002	1011	1006	3,4,3,3,1
1533	9362	2005-09-22	1022	1002	1001	3,3,4,2,2
1533	7421	2001-04-29	2008	4001	1006	4,5,4,5,4
1533	7724	2001-04-26	2008	4000	1006	5,5,4,5,4
1533	7541	2000-10-07	1019	4000	1006	4,4,4,5,4
1533	5053	2000-09-16	3006	4000	1006	3,4,4,5,4
1533	6715	2000-05-22	1019	4001	1008	5,5,5,5,5
1533	5575	2000-03-27	1019	1001		3,3,3,4,3
1533	162	2000-02-27	1019	1011	1001	4,5,3,5,4
1533	6341	2000-01-20	1022	1002	1001	5,5,5,5,4
1533	228	2000-01-15	1002	4000	1006	5,5,5,5,4
1533	163	2000-01-15	1003	1016	1001	3,4,4,4,3
1539	3274	1999-12-23	1019	4000	1006	4,3,4,4,3
1539	499	1999-12-23	1004	4000		4,4,4,4,5
1548	363	1999-12-24	1019	1004	1002	4,4,3,3,2
1548	3249	1999-12-24	2008	1010	1001	2,1,1,1,2
1551	3711	2000-06-08	1019	3006	1006	3,4,1,4,2
1551	1115	2000-06-04	1004	1002	1001	4,2,3,2,5
1552	5917	1999-12-25	1022	4000	1003	5,4,5,4,5
1555	2372	2000-03-15	1002	6000	1032	3,4,5,4,2
1555	5117	1999-12-25	3007	4000	1015	1,4,2,3,3
1557	117	2000-09-11	3006	4000	1006	4,4,4,4,4
1557	665	2000-09-11	2010	4001	1008	2,3,3,3,3
1557	23761	2000-08-19	8818	1002	1009	2,3,3,2,2
1557	5114	2000-07-11	2008	3010	1006	4,3,4,4,4
1557	30	2000-06-29	2008	2009	1034	4,3,3,3,4
1557	6998	2000-06-29	1019	1004		3,4,4,4,4
1557	3154	2000-06-25	2008	4001	1010	3,3,3,4,3
1557	520	2000-06-25	2008	4000	1008	3,4,4,4,3
1557	2960	2000-06-13	2010	1009	1008	4,3,3,3,3
1557	852	2000-06-11	2008	1004		3,3,4,4,3
1557	61	2000-06-11	2002	3006	1006	3,4,3,4,4
1557	61	2000-06-11	2002	3006	1006	3,4,3,4,4
1557	5219	2000-06-11	3007	4001	1008	3,3,3,4,3
1557	3653	2000-06-11	2008	4000	1010	2,3,3,2,4
1557	3006	2000-06-11	1005	4000	1006	3,3,2,4,2
1557	2377	2000-06-10	2010	1004	1015	3,3,3,3,3
1557	2153	2000-05-22	1003	4001	1007	3,3,4,4,3
1557	2153	2000-05-19	1003	4001	1007	3,3,4,3,4
1557	6337	2000-05-09	1019	1004	1006	3,3,3,4,3
1557	5053	2000-04-27	3006	4000	1006	3,4,4,4,3
1557	2304	2000-04-27	2011	2009	1005	4,4,4,4,4
1557	2304	2000-04-27	2011	2009	1005	4,3,4,4,4
1557	2304	2000-04-22	2011	2009	1005	3,4,4,4,4
1557	6356	2000-04-15	2008	2004	1006	3,3,3,3,2
1557	2304	2000-04-13	2011	2009	1005	4,3,4,4,4
1557	6503	2000-04-12	1023	3006	1006	4,5,4,5,3
1557	468	2000-04-12	2013	1004	1014	4,3,4,4,4
1557	3018	2000-04-09	2008	4001	1003	5,5,5,5,4
1557	6623	2000-04-06	2010	4000	1008	4,4,3,3,3
1557	1849	2000-04-06	2010	4000	1008	4,2,4,4,4
