10009	30878	2009-05-23	1017	6000	1024	3,4,3,3,3
10009	16173	2008-08-15	1022	4000	1006	
10009	25217	2008-08-05	1020	3010	3012	4,4,4,3,4
10009	10053	2007-12-13	1019	3010		4,4,3,4,3
10009	12663	2006-05-29	2008	2001		
10009	10386	2005-10-04	2008	2009	1034	2,3,3,3,1
10009	14338	2005-07-18	2008	1004	1006	3,4,3,3,3
10009	11456	2005-04-18	1019	2009	1034	3,4,3,3,3
10009	9696	2004-11-23	1017	1002	1014	4,4,3,3,3
10009	3751	2004-11-13	1012	1004	1009	4,3,3,3,5
10009	1599	2004-11-13	1022	1002	1001	4,3,3,3,3
10009	12310	2004-11-03	1019	4000	1008	4,4,3,3,3
10009	11741	2004-11-03	1019	1011		3,3,3,3,3
10009	1500	2004-11-01	2026	1003	1001	4,3,3,3,4
10009	10082	2004-10-18	1019	1011	1005	3,3,2,3,3
10009	10733	2004-10-14	1003	1002	1001	4,3,3,3,3
10009	12434	2004-10-14	1019	2009	1034	3,3,2,3,3
10009	5785	2004-10-14	1003	1004	1009	3,3,3,3,3
10009	11409	2004-10-08	2029	4000	1006	4,3,3,3,5
10009	11438	2004-10-07	1019	2009	1034	4,3,5,3,4
10009	9859	2004-10-05	2008	1004	1009	3,3,3,3,3
10009	12226	2004-10-02	2010	2009	1015	3,4,3,3,3
10009	10840	2004-09-25	1022	2009	1005	3,3,3,3,3
10009	12253	2004-09-25	1019	2009	1008	3,4,3,3,3
10009	12097	2004-09-25	1019	2009	1034	4,5,4,3,4
10009	11869	2004-09-17	2011	1004	1015	4,3,3,3,3
10009	12334	2004-09-14	2008	6000	1006	4,4,3,3,3
10009	9735	2004-09-13	1012	1004	1015	4,3,4,3,5
10009	11364	2004-09-13	1012	1004	1002	3,3,3,3,3
10009	9986	2004-09-08	1019	1004	1006	2,3,2,3,3
10009	11641	2004-09-06	2008	2009		3,3,3,3,3
10009	3505	2004-09-04	2008	1002	1010	3,3,3,3,3
10009	11577	2004-08-25	2015	2009	1034	5,4,4,3,4
10009	12120	2004-08-16	2010	1002	1001	3,4,3,3,3
10009	10995	2004-08-16	1019	4000	1008	4,4,3,3,3
10009	1864	2004-08-16	1022	1002	1005	4,3,3,3,3
10009	12122	2004-08-16	2010	6000	1006	3,3,3,3,3
10009	9864	2004-08-09	1022	3010	1006	4,5,3,3,3
10009	8230	2004-08-02	1017	1002	1016	5,3,3,3,3
10009	11743	2004-07-28	2008	1002	1001	4,3,2,3,3
10009	11991	2004-07-27	2010	1009	1001	4,3,3,3,3
10009	836	2004-07-27	1019	1002	1001	4,3,3,3,3
10009	11438	2004-07-23	1019	2009	1034	
10009	2988	2004-07-23	1003	2009	1011	3,3,2,3,3
10009	11966	2004-07-23	2031	2009	1028	4,4,4,3,3
10009	11966	2004-07-23	2031	2009	1028	4,4,4,3,3
10009	8471	2004-07-19	2008	6000	1006	3,2,3,2,3
10009	11674	2004-07-19	1019	2009	1008	3,4,3,3,3
10009	23949	2004-07-19	8904	1002	1005	4,3,4,3,4
10009	11593	2004-07-19	1019	2009	1024	3,3,2,3,3
10009	9785	2004-07-12	1019	6000	1008	4,4,3,3,3
10009	10559	2004-07-12	1019	2009		3,4,4,4,3
10009	11527	2004-06-17	1019	1010	1001	4,4,3,3,3
10009	6282	2004-05-27	1019	2022	1003	4,5,4,4,4
10009	1085	2002-11-18	2008	4000	1015	5,4,5,4,5
10009	7434	2002-10-23	2002	4000	6000	3,4,3,3,2
10009	41	2002-10-23	1019	2009	1005	4,2,3,2,2
10009	7778	2002-05-04	2015	1002		2,2,2,2,2
10009	7475	2001-11-27	2008	1009		3,3,3,3,3
10009	5289	2001-11-27	2008	2009	1026	1,3,3,2,2
10009	3539	2001-11-27	2008	1002	1005	4,4,4,4,4
10009	870	2001-11-27	2008	1002	1005	4,3,3,3,3
10009	846	2001-08-15	1021	4000	1006	4,5,4,5,3
10009	228	2001-08-03	1002	4000	1006	4,5,4,4,4
10009	7685	2001-07-11	2008	2009	1021	4,3,3,3,3
10009	7867	2001-07-11	1009	1004	1014	5,4,4,4,5
10009	8206	2001-07-07	1017	2009		3,5,3,3,3
10009	6415	2001-07-06	1004	1004	1018	3,4,3,3,3
10009	1489	2001-07-06	1022	2001		4,4,3,3,3
10009	7496	2001-07-06	1026	2009	1005	4,4,4,4,4
10009	8541	2001-07-06	1019	4001	1006	3,4,3,3,3
10009	6337	2001-07-06	1019	1004	1006	3,4,3,3,3
10009	5301	2001-07-06	2008	2009	1005	4,5,4,4,4
10009	6328	2001-06-22	1019	2006		4,4,1,4,3
10009	7412	2001-06-22	2028	1004	1012	4,4,4,3,4
10009	1130	2001-06-22	1019	2001	1019	5,4,4,4,4
10009	1102	2001-06-17	2008	1004	1014	4,3,3,3,3
10009	6715	2001-06-17	1019	4001	1008	5,5,5,4,4
10009	3711	2001-06-17	1019	3006	1006	5,4,4,4,4
10009	3717	2001-06-17	2008	1002	1001	3,4,3,3,2
10009	7673	2001-06-08	2002	4000	1008	5,5,5,5,5
10009	6074	2001-06-08	2008	3003	1009	4,3,3,3,2
10009	6290	2001-06-08	1019	1004	1009	4,4,3,4,3
10009	370	2001-06-08	1022	2004	1009	4,4,3,4,3
10009	6073	2001-06-08	1022	3006	1006	4,5,4,5,3
10009	16708	2001-06-08	1019	4000	1006	4,5,5,5,4
10009	437	2001-06-08	1019	1005	1001	5,4,4,4,5
10009	3169	2001-06-08	1021	1002	1009	3,3,3,3,3
10009	1782	2001-06-08	1011	3010	1006	4,5,5,5,4
10009	3419	2001-06-08	2008	4001	1003	4,5,4,5,4
10009	3086	2001-06-08	1012	1002	1010	4,3,4,3,3
10009	7483	2001-06-08	1019	1009	1012	4,4,5,4,3
10009	35	2001-06-06	2008	2009	1005	4,5,4,5,4
10009	1548	2001-06-06	2029	4000	1003	4,3,4,3,4
10009	5339	2001-06-06	2008	2007		4,4,4,4,3
10009	6328	2001-06-05	1019	2006		4,4,2,4,3
10009	3843	2001-06-05	1022	1002	1001	3,3,3,3,3
10009	5816	2001-06-05	2008	2009	1005	4,5,4,5,4
10009	2932	2001-06-05	3007	4001	1006	5,5,4,4,4
10009	3202	2001-06-05	1022	1002	1015	4,4,3,4,3
10009	1447	2001-06-05	2010	2009	1002	5,4,4,4,4
10009	147	2001-06-05	1003	2009	1005	3,3,3,3,2
10009	46	2001-06-05	1019	2009	1005	4,4,3,4,4
10009	32	2001-06-05	1012	2009	1005	4,5,4,4,3
10009	3074	2001-06-05	1022	2009	1001	5,5,4,5,4
10009	7345	2001-06-05	1019	1008	1001	4,4,3,4,4
10009	3461	2001-06-04	1022	1004	1014	3,3,3,4,3
10009	6003	2001-06-02	1012	2006	1033	5,5,5,5,4
10009	7191	2001-06-02	1012	1002	1001	4,4,4,4,4
10009	3183	2001-06-02	1012	1004	1009	4,4,4,3,3
10009	3751	2001-06-02	1012	1004	1009	5,4,3,4,3
10009	2019	2001-06-02	1012	1002	1015	5,5,5,4,5
10009	1585	2001-06-02	1012	2001	1010	4,4,4,5,5
10009	986	2001-06-02	1012	1004	1009	4,4,4,3,4
10009	713	2001-06-01	1019	3011	1006	5,5,4,4,4
10009	3137	2001-06-01	1003	2008	1008	3,4,4,4,3
10009	933	2001-06-01	1011	2009	1026	5,5,4,4,4
10009	6337	2001-05-29	1019	1004	1006	5,4,3,4,3
10012	1829	2001-05-30	1003	3010	1006	3,4,3,4,1
10012	7473	2001-05-30	1003	2009	1034	4,4,5,5,3
10019	235	2001-06-01	3005	4000	1006	4,5,4,5,4
10022	6411	2001-06-01	1022	3010	1006	1,1,1,1,1
10027	91	2001-08-19	2008	4000	1006	4,5,4,5,1
10027	1788	2001-06-03	1003	3006	1006	5,3,3,5,5
10033	671	2001-06-10	2010	1010	1001	4,1,1,2,3
10036	8471	2001-06-06	2008	6000	1006	4,3,2,4,3
10038	32179	2009-07-31	2022	1010		3,3,3,3,4
10038	12261	2008-12-07	1011	6000	1006	5,4,3,4,3
10038	6344	2008-11-27	2029	2009	1034	1,3,2,3,1
10038	1868	2008-07-26	1003	1002	1005	4,2,3,3,4
10038	10072	2008-07-22	1003	1004	1013	4,2,4,3,4
10038	10358	2008-07-22	1019	4000	1006	2,4,2,4,3
10038	23801	2001-06-08	8806	2005		5,5,5,5,5
10039	7668	2002-06-16	2010	1004	1006	4,3,3,4,4
10039	6495	2002-06-16	1022	1004	1012	4,3,1,3,4
10039	9310	2002-06-15	2003	1002	1005	3,4,1,4,2
10039	2054	2002-06-15	2012	1002	1001	4,3,4,4,4
10039	5830	2002-06-14	2010	2009	1026	4,4,3,4,5
10039	6275	2002-06-14	1019	2007	1006	3,4,4,4,3
10039	2539	2002-06-13	2010	1009	1006	3,4,2,4,4
10039	4003	2001-10-28	2026	1011	1010	4,4,4,4,4
10039	5706	2001-08-12	1019	2001	1019	3,4,1,3,4
10039	5966	2001-08-07	2008	3006	1006	2,3,3,4,2
10039	6365	2001-08-04	2001	1001	1001	4,4,4,4,4
10039	8542	2001-08-04	1019	4000	1006	4,5,5,5,5
10039	8603	2001-07-23	3018	6000	1003	4,4,4,5,3
10039	7550	2001-07-22	2008	2009	1026	4,5,4,5,4
10039	5370	2001-07-22	2008	2002	1010	4,4,5,5,5
10039	3219	2001-07-21	2026	1002	1001	4,4,5,4,4
10039	2054	2001-07-21	2012	1002	1001	4,5,4,4,3
10039	1239	2001-07-21	2019	1004	1007	2,2,2,2,2
10039	245	2001-07-14	2008	4000	1008	2,3,3,3,4
10039	2873	2001-07-13	1022	6000	1006	4,5,4,5,4
10039	1946	2001-07-13	2003	1002	1001	4,4,3,4,4
10039	599	2001-07-13	1011	3010	1006	4,4,4,4,4
10039	2687	2001-07-09	2026	1004		3,3,4,4,3
10039	2165	2001-07-09	1005	4001	1007	4,4,5,5,4
10039	3070	2001-07-08	1004	1004	1006	4,4,4,4,4
10039	4166	2001-07-08	2008	2009	1007	3,3,3,3,3
10039	1292	2001-07-08	2008	1002	1005	2,3,1,2,3
10039	2614	2001-07-05	2024	1002	1001	3,4,2,4,3
10039	562	2001-07-04	1019	1004	1009	4,5,5,5,3
10039	562	2001-07-04	1019	1004	1009	5,5,5,5,5
10039	2751	2001-07-01	2003	3006	1002	4,4,4,4,5
10039	6270	2001-07-01	2026	1004	1005	5,5,5,5,4
10039	1422	2001-07-01	2024	1011	1001	5,5,5,5,4
10039	2571	2001-07-01	3007	4001	1007	4,2,4,4,4
10039	11	2001-06-17	2006	1002	1013	4,4,2,4,4
10039	936	2001-06-17	2003	2009	1026	5,4,4,4,4
10039	4099	2001-06-16	2011	1009	1010	4,4,3,4,5
10039	3756	2001-06-13	2008	3006	1006	4,5,5,5,5
10039	45	2001-06-12	2010	2009	1005	4,5,5,5,4
10039	6780	2001-06-11	1008	1004	1014	4,3,5,4,5
10039	6730	2001-06-11	1008	4000	1006	4,4,4,4,4
10039	6744	2001-06-11	1008	1004	1009	4,4,4,4,4
10039	600	2001-06-10	2003	3010	1006	4,4,1,4,4
10039	8261	2001-06-10	2024	6000	1006	4,2,3,2,3
10039	932	2001-06-10	1019	2009	1026	3,3,2,4,3
10039	1987	2001-06-10	2003	4000	1006	4,4,3,4,4
10039	3119	2001-06-10	2026	1018	1001	5,3,4,4,4
10039	5117	2001-06-10	3007	4000	1015	4,4,4,4,4
10039	1657	2001-06-10	2003	2001	1001	4,3,2,3,3
10039	6390	2001-06-10	2003	4000	1006	4,4,4,4,4
10039	665	2001-06-09	2010	4001	1008	3,3,3,4,3
10039	8013	2001-06-08	2010	4000	1003	3,3,1,3,3
10039	482	2001-06-08	2026	1001	1005	4,4,4,4,3
10039	7673	2001-06-08	2002	4000	1008	4,3,3,3,3
10039	3086	2001-06-07	1012	1002	1010	5,3,3,4,5
10039	3053	2001-06-07	2025	1002	1001	4,4,3,3,3
10039	61	2001-06-07	2002	3006	1006	4,4,5,4,3
10039	980	2001-06-06	2024	1002	1001	3,3,2,3,3
10039	7776	2001-06-06	2003	3006	1006	5,5,4,5,5
10039	6738	2001-06-06	2003	2009	1034	5,4,5,4,4
10039	7517	2001-06-06	2026	3003	1007	4,2,3,4,4
10039	3038	2001-06-06	2026	6000		4,4,2,4,4
10043	5682	2001-06-08	2028	1004	1009	5,3,4,4,4
10045	440	2002-09-27	3006	1002	1001	3,4,1,3,1
10045	981	2002-07-22	2029	1002		5,2,4,2,5
10045	205	2002-07-09	1019	1004	1006	4,5,1,5,2
10045	5445	2002-04-14	2010	2002		4,5,3,4,4
10045	1117	2002-03-28	2016	1002	1001	3,3,1,3,3
10045	375	2002-03-20	3017	2004	1010	5,3,3,5,5
10045	2836	2002-03-20	3005	1002	1001	5,5,5,5,3
10045	6390	2002-01-26	2003	4000	1006	4,3,4,5,3
10045	6390	2001-12-24	2003	4000	1006	4,4,4,5,3
10045	1567	2001-09-11	2025	1002	1001	3,1,1,3,1
10045	770	2001-08-24	2027	1002	1001	3,5,3,5,5
10045	7711	2001-07-20	2005	1002	1001	4,4,1,5,1
10045	7773	2001-06-25	2015	1008	1005	3,1,3,4,3
10045	3547	2001-06-25	2008	1002	1001	4,5,1,5,3
10045	1913	2001-06-17	1017	1002	1009	5,4,5,5,4
10045	978	2001-06-12	2022	1002	1001	1,3,1,3,5
10045	1921	2001-06-11	2010	1004	1010	4,4,3,5,2
10045	1993	2001-06-09	2008	1004	1009	5,3,5,3,4
10045	7673	2001-06-09	2002	4000	1008	5,5,5,5,3
10045	3918	2001-06-09	2001	1001	1001	3,5,4,5,5
10045	3086	2001-06-09	1012	1002	1010	5,5,5,5,5
10046	534	2001-06-09	2020	1004	1002	3,2,2,2,1
10047	4155	2001-09-03	2001	2009	1005	5,3,5,5,4
10047	6394	2001-08-04	2001	1012		3,3,2,3,4
10047	3401	2001-08-04	2020	2009	1002	3,3,4,4,3
10047	6117	2001-07-23	2020	2009	1034	4,4,3,5,3
10047	2327	2001-07-23	2020	1004	1002	4,2,3,2,4
10047	1928	2001-07-23	2020	1002	1001	4,3,3,3,3
10047	7305	2001-07-23	2020	1002	1001	1,3,2,3,1
10047	7651	2001-07-23	2020	1002	1005	1,2,3,1,1
10047	6035	2001-07-23	2001	1004	1015	5,4,5,4,5
10047	4151	2001-07-23	2020	1004	1002	4,3,4,3,5
10047	4014	2001-07-23	2020	1008	1001	5,4,2,4,4
10047	241	2001-07-23	2001	4000	1006	2,3,3,2,3
10054	2521	2001-06-12	1021	2009	1005	4,4,3,4,3
10054	1548	2001-06-12	2029	4000	1003	1,1,1,1,1
10060	6780	2001-06-14	1008	1004	1014	4,5,5,4,5
10060	852	2001-06-14	2008	1004		4,4,4,5,5
10064	10168	2012-11-30	2008	2006	1033	4,3,3,4,4
10064	50013	2012-10-08	1008	3010	1006	4,4,4,5,4
10064	31212	2012-10-08	2011	1002	1001	4,4,4,4,4
10064	13027	2012-10-03	4010	1004	1015	3,3,4,4,3
10064	31013	2012-10-02	4010	1004	1008	3,4,4,4,3
10064	51011	2012-10-02	4010	1004	1022	4,3,3,3,2
10064	105403	2012-09-06	2008	1004	1003	5,5,4,4,3
10064	19180	2012-09-03	3005	1002	1005	2,2,2,2,2
10064	10976	2012-07-23	3007	4000	1007	4,4,3,4,5
10064	64211	2012-07-18	2001	1018	1001	3,4,4,4,4
10064	37981	2012-07-17	2004	1004	1018	3,3,3,3,4
10064	15677	2012-07-12	2001	2004		4,2,3,2,4
10064	43964	2012-07-02	3005	1002	1005	4,3,3,3,3
10064	3738	2012-06-27	2008	1007	1001	3,3,4,4,1
10064	3681	2012-05-22	2008	4000	1006	2,4,4,5,2
10064	32251	2012-05-02	1003	1011	1001	2,3,3,4,3
10064	4194	2012-05-01	1022	1002	1001	4,3,3,4,4
10064	16635	2012-04-25	1003	3010	1006	3,5,5,5,3
10064	44564	2012-04-16	1022	3010	1014	4,3,2,4,3
10064	15419	2012-04-16	1025	1004	1009	5,3,3,2,4
10064	50064	2012-04-16	1025	3006	1008	5,3,4,4,3
10064	79471	2012-03-30	1025	3006	1006	2,3,4,4,2
10064	18931	2012-03-24	1022	2004		2,3,3,4,2
10064	79779	2012-01-30	1003	1011	1001	3,4,4,5,3
10064	50638	2011-03-31	1001	4000	1011	4,4,4,4,4
10064	50328	2011-02-22	1019	2023	1027	4,4,4,4,3
10064	19228	2011-02-16	3015	1004		4,2,3,3,3
10064	39538	2011-02-15	3015	1004	1002	4,3,3,3,3
10064	17997	2011-02-14	2015	1002	1005	2,3,4,3,2
10064	39176	2011-02-14	2008	3010	1002	4,4,4,5,3
10064	812	2011-02-14	1022	1002	1001	5,4,4,5,3
10064	50125	2011-02-08	1022	1004	1014	2,1,1,1,1
10064	35251	2011-02-08	1022	1004	1009	3,3,3,4,3
10064	23498	2011-02-08	1018	2004		3,3,2,3,4
10064	494	2011-02-06	1003	4000	1011	5,5,4,5,4
10064	36252	2011-02-06	1003	1002	1001	5,3,3,3,4
10064	39018	2011-02-04	1003	2009	1005	4,4,2,4,2
10064	48790	2011-01-22	1022	1009	1006	1,4,3,4,2
10064	15235	2011-01-22	1022	1004	1001	4,4,5,4,3
10064	20412	2011-01-22	1022	1004		4,3,3,3,4
10064	12650	2011-01-22	1022	1004	1009	3,3,4,3,3
10064	38507	2011-01-17	1003	3010	1027	4,4,4,4,4
10064	31969	2011-01-17	1003	3010	1027	2,4,4,4,3
10064	9835	2011-01-14	1003	1011	1001	4,4,3,4,3
10064	595	2011-01-13	3015	3010	1006	3,3,3,4,3
10064	5370	2011-01-13	2008	2002	1010	3,3,3,3,3
10064	19720	2011-01-13	2020	1004	1009	3,2,3,2,3
10064	9578	2011-01-13	3015	1001	1010	3,2,3,2,3
10064	14598	2011-01-10	2008	3006	1006	4,5,5,5,3
10064	7678	2011-01-07	1003	2009	1021	3,4,5,5,3
10064	8509	2011-01-06	3005	1002	1016	4,2,3,3,3
10064	49866	2011-01-05	1003	2021	1006	4,4,3,4,4
10064	18717	2011-01-04	3015	1001		
10064	23640	2011-01-04	3015	1004	1041	4,4,3,4,4
10064	9586	2011-01-04	3015	1002	1010	
10064	13194	2011-01-04	1003	3010	1008	4,4,3,4,3
10064	43811	2011-01-02	1001	1002	1036	2,3,3,3,3
10064	31115	2010-12-29	1003	2002		3,3,3,3,3
10064	16821	2010-12-29	2008	1001	1005	2,4,4,4,2
10064	13413	2010-12-27	1005	2006	1015	4,3,3,3,2
10064	529	2010-12-27	1011	4000	1006	1,3,3,3,1
10064	437	2010-12-27	1019	1005	1001	5,4,4,3,4
10064	3066	2010-12-27	1003	1002	1001	4,3,3,3,2
10064	413	2010-12-15	1001	1001	1005	2,4,4,4,2
10064	31500	2010-12-07	1001	1004	1010	4,3,3,4,4
10064	10413	2010-12-05	2005	1004	1010	2,2,3,3,3
10064	16535	2010-11-26	1001	1004	1009	4,2,3,3,4
10064	48665	2010-11-20	1003	3006	1002	4,4,3,4,3
10064	18056	2010-11-17	2008	2009	1034	5,3,3,4,4
10064	9712	2010-11-16	2028	1004	1014	3,3,3,4,3
10064	3837	2010-11-14	1003	1004	1009	4,4,3,3,3
10064	39947	2010-11-14	2001	1004	1001	4,4,4,4,4
10064	17506	2010-11-14	1003	3010	1008	5,5,5,5,4
10064	47590	2010-11-11	2005	2004		4,3,3,4,4
10064	6202	2010-11-09	2002	1002	1001	3,4,3,4,4
10064	21002	2010-11-09	2008	1009	1011	4,4,5,4,4
10064	19327	2010-11-03	1003	2009	1005	3,4,3,4,2
10064	10308	2010-10-31	1003	2002		2,4,3,4,2
10064	27007	2010-10-29	2013	1004	1001	4,4,4,4,4
10064	21479	2010-10-27	1019	4000	1035	4,4,3,4,4
10064	17299	2010-10-17	1019	2009	1019	5,5,4,5,5
10064	20263	2010-10-14	2028	1004	1001	5,4,4,4,4
10064	16781	2010-10-13	1008	2009	1034	3,3,2,3,3
10064	10582	2010-10-13	1026	1001	1001	4,4,3,3,4
10064	9975	2010-10-13	1003	1002	1005	2,3,2,2,2
10064	10289	2010-10-01	2008	1002	1005	3,3,2,2,3
10064	47488	2010-09-28	1003	4000	1008	1,4,4,4,1
10064	1868	2010-09-23	1003	1002	1005	4,3,3,3,5
10064	1998	2010-09-22	1003	1002	1010	4,4,3,4,3
10064	1618	2010-09-22	1003	1002	1010	4,3,3,2,3
10064	47488	2010-09-22	1003	4000	1008	5,4,4,4,4
10064	37965	2010-09-20	3015	4000	1008	4,3,4,4,3
10064	19001	2010-09-20	1001	4000	1008	4,3,3,4,3
10064	17424	2010-09-20	1003	1002	1001	3,4,3,4,2
10064	42016	2010-09-13	1001	2022	3006	5,4,4,4,4
10064	4156	2010-09-05	2011	2009	1005	2,2,4,4,2
10064	45662	2010-09-02	2019	1004	1001	4,4,4,3,4
10064	90	2010-08-22	2028	1004	1009	3,3,3,3,2
10064	10921	2010-08-22	2013	1008	1010	4,3,3,2,3
10064	13939	2010-08-21	1003	2009	1026	5,4,3,5,5
10064	17907	2010-08-19	1003	1004	1014	3,3,3,3,4
10064	12380	2010-08-19	2008	2002	2	3,4,2,4,2
10064	14706	2010-08-19	1008	2009	1072	4,4,4,4,3
10064	46858	2010-08-18	2013	1011	1001	3,4,4,4,3
10064	90	2010-08-12	2028	1004	1009	3,2,3,3,3
10064	47421	2010-08-11	3015	1003	1010	4,3,3,3,4
10064	39484	2010-08-11	1003	2009	1034	5,4,4,5,5
10064	11301	2010-08-10	1004	1002	1001	3,3,3,3,2
10064	22948	2010-08-08	3018	2004	1009	3,3,4,3,4
10064	13947	2010-08-02	1019	2009	1034	4,4,4,4,3
10064	10521	2010-07-31	1003	4000	1006	4,4,4,4,3
10064	46800	2010-07-26	1002	4000	1007	4,4,4,4,3
10064	27153	2010-07-26	1002	3006	1006	3,4,4,5,4
10064	13486	2010-07-20	3015	1004	1001	4,3,3,3,5
10064	39484	2010-07-19	1003	2009	1034	4,4,4,4,5
10064	10521	2010-07-17	1003	4000	1006	4,4,4,4,2
10064	11167	2010-07-15	1019	1004	1009	1,2,3,3,1
10064	17389	2010-07-09	1003	2002	2004	3,4,4,5,2
10064	36252	2010-06-15	1003	1002	1001	5,4,5,4,4
10064	5711	2001-06-14	2008	3010	1006	5,5,4,5,4
10067	6225	2007-11-13	2028	2002		2,4,2,4,3
10067	14854	2006-03-07	1001	2005	1010	
10067	6639	2001-11-27	1022	3010	1006	3,3,1,1,3
10067	5282	2001-06-14	1022	2009	1034	2,3,1,3,2
10080	934	2001-06-18	1022	2009	1026	5,5,5,5,5
10088	932	2001-06-20	1019	2009	1026	5,3,4,5,4
10089	7711	2001-06-21	2005	1002	1001	2,2,1,2,2
10091	4060	2002-11-08	1019	3010	1003	2,4,3,4,1
10091	4060	2001-06-30	1019	3010	1003	3,4,3,3,1
10099	6689	2001-07-21	2010	2004		5,4,5,4,5
10104	3717	2001-06-23	2008	1002	1001	5,5,3,4,4
10104	1292	2001-06-23	2008	1002	1005	3,3,3,3,5
10104	1458	2001-06-23	2008	1002	1005	5,4,3,3,3
10104	3547	2001-06-23	2008	1002	1001	4,5,3,4,3
10104	3966	2001-06-23	2008	1002	1001	5,5,5,5,3
10104	3391	2001-06-23	2008	1002	1005	5,2,5,3,4
10104	3392	2001-06-23	2008	1002	1005	5,4,3,4,4
10104	3069	2001-06-23	2008	1002	1001	5,5,5,5,5
10104	4197	2001-06-23	2008	1002	1001	3,2,2,1,5
10112	7739	2001-07-06	1019	2009	1034	5,3,4,5,4
10112	228	2001-06-26	1002	4000	1006	3,5,3,4,3
10114	7866	2001-06-27	1019	3006	1006	4,4,4,4,4
10116	38044	2010-09-27	3018	1004	1009	
10116	30855	2010-09-27	3018	1004	1014	
10116	31089	2010-08-01	2028	1004		Other Ratings:,4,4,4,4
10116	31781	2009-09-18	1004	4001	1002	Other Ratings:,4,2,5,4
10116	26680	2009-08-24	2010	1004	1014	
10116	31700	2009-07-16	2029	1009	1006	4,4,4,4,3
10116	25793	2009-05-13	3018	1004	1014	4,2,4,5,5
10116	27053	2009-04-09	3018	1009	1002	4,4,3,4,3
10116	25523	2009-04-09	2010	1004	1041	3,3,3,3,3
10116	30330	2009-03-22	2010	6000		2,2,3,3,3
10116	27243	2009-02-13	1022	1003	1010	2,3,3,3,2
10116	1386	2002-05-04	2010	1004	1009	3,4,1,3,1
10116	4165	2001-07-29	3007	2009	1007	4,4,5,4,3
10116	7897	2001-07-29	2010	1004	1015	4,3,3,4,3
10116	7907	2001-07-29	2010	2009	1002	4,3,5,5,3
10116	8106	2001-07-29	2010	1002	1007	4,4,5,4,4
10116	2696	2001-06-28	2010	1004	1003	4,3,3,3,4
10116	6269	2001-06-28	2010	1004	1002	4,3,4,4,3
10130	23458	2012-07-14	2005	3006		1,1,1,1,1
10130	12885	2010-02-21	2010	2004	1073	
10130	705	2006-08-31	2028	4000	1011	3,3,3,4,3
10130	14956	2006-08-31	2008	3011	4002	3,4,5,4,3
10130	9664	2006-07-16	2015	1009	1001	4,3,3,4,4
10130	10757	2005-08-13	2008	2009	3006	3,4,1,3,1
10130	13828	2005-08-13	2026	2005	1006	2,4,3,4,2
10130	468	2005-08-13	2013	1004	1014	4,2,3,4,4
10130	11967	2005-08-13	2028	4000	1008	3,4,3,3,3
10130	8044	2004-07-17	2001	2004	1016	4,3,4,3,4
10130	3154	2004-07-17	2008	4001	1010	3,3,4,4,2
10130	1830	2002-07-16	2008	4000	1011	3,4,4,3,3
10130	3706	2002-03-26	3015	3006	1006	4,4,2,4,3
10130	5454	2002-02-21	2008	4000	1006	4,3,3,3,4
10130	2439	2002-02-21	2008	2009	1034	5,4,4,4,3
10130	3594	2001-06-29	2008	4000	1003	4,4,3,3,4
10131	3867	2001-07-09	3003	2009	1005	4,3,5,5,5
10137	2938	2001-07-02	2008	3006	1011	4,1,1,4,1
10138	7713	2001-07-03	3002	4000	1006	5,5,4,5,4
10140	7422	2001-07-07	3017	1002	1005	5,5,4,4,4
10140	22858	2001-07-02	2030	1011	1001	5,4,4,4,4
10140	163	2001-07-02	1003	1016	1001	5,5,4,4,3
10150	32194	2009-07-15	1003	2009	1028	4,3,3,3,4
10150	7550	2004-02-10	2008	2009	1026	4,5,4,5,5
10150	9868	2003-10-24	1019	2009	1034	4,4,4,4,5
10151	3227	2001-11-12	1008	1011		4,3,3,5,4
10151	5686	2001-07-11	1008	1002	1001	4,3,4,4,4
10151	268	2001-07-04	1008	4000	1006	3,4,3,4,3
10163	14066	2007-05-12	2010	1002	1005	5,3,4,3,5
10163	17521	2007-03-12	3020	1011	1001	5,4,4,3,5
10163	11099	2006-12-21	3020	1004	1009	4,4,3,3,4
10163	15213	2006-12-14	2005	1004	1001	4,3,4,3,2
10163	13908	2006-04-20	2015	1011	1001	5,3,4,3,5
10163	12819	2006-04-20	1022	1002	1001	4,4,4,3,3
10163	3981	2006-02-28	1023	1002	1005	4,4,3,3,3
10163	3206	2005-08-07	2008	4000	1010	3,3,4,3,4
10163	13570	2005-07-04	3018	1018	1001	4,3,4,3,5
10163	7634	2005-06-27	2015	1008		3,3,3,3,3
10163	10221	2005-06-16	2010	2009		3,5,2,3,3
10163	6061	2005-06-15	3007	2009	1005	4,4,3,3,3
10163	2714	2005-06-13	3017	3006	1002	3,4,3,3,3
10163	12871	2005-06-13	2010	2009	1005	2,3,3,3,3
10163	14086	2005-06-08	3017	1002	1005	4,4,4,4,4
10163	8004	2005-06-08	1014	1002	1001	4,3,3,3,2
10163	10765	2005-05-31	3017	4000	1014	4,4,2,3,4
10163	10361	2005-05-24	2015	4000	1006	2,3,3,3,4
10163	11167	2005-05-22	1019	1004	1009	4,3,4,3,4
10163	10495	2005-05-17	2010	1004	1009	2,1,1,2,4
10163	13899	2005-05-08	3017	1001	1001	1,5,1,3,1
10163	11589	2005-05-06	3018	2009		3,5,3,3,2
10163	10131	2005-05-05	2002	2002	1001	2,3,3,3,1
10163	11766	2005-05-02	1019	1014	1005	5,5,5,5,2
10163	11871	2005-04-27	2026	1004	1007	3,1,1,1,3
10163	13789	2005-04-21	1019	2009	1034	1,4,3,3,1
10163	11695	2005-04-08	2010	1003	1001	5,5,5,4,3
10163	7713	2005-03-09	3002	4000	1006	2,4,4,3,2
10163	9800	2005-03-09	2005	2002		3,3,3,3,3
10163	5966	2005-03-08	2008	3006	1006	4,5,3,4,3
10163	10753	2005-03-08	3018	2009	1034	3,5,2,3,2
10163	11056	2005-03-08	1019	1004	1001	3,4,3,3,2
10163	12123	2005-02-23	3018	1002	1005	4,5,1,3,3
10163	8943	2005-02-18	3018	1003	1001	3,4,3,3,4
10163	375	2005-02-17	3017	2004	1010	4,5,4,4,2
10163	11741	2005-01-23	1019	1011		2,4,2,3,4
10163	11657	2005-01-22	2010	2009	1005	3,3,3,3,4
10163	9869	2005-01-20	2008	6000	1021	3,3,3,3,3
10163	2042	2005-01-20	3015	1002	1005	3,4,3,2,3
10163	11253	2005-01-01	2008	1002	1005	3,2,1,1,3
10163	13074	2004-12-26	2010	1004	1009	1,1,1,1,1
10163	3460	2004-12-21	2010	1004	1014	
10163	12466	2004-12-21	2010	1011	1001	3,3,3,3,2
10163	2545	2004-12-19	1019	1009	1006	2,2,3,3,2
10163	6737	2004-12-04	1019	2009		3,3,4,3,4
10163	9956	2004-11-25	3017	1002	1005	4,4,4,4,4
10163	10001	2004-11-24	2008	1011	1001	3,5,4,4,2
10163	11299	2004-11-08	2019	1004	1009	3,2,4,1,3
10163	8870	2004-11-05	3017	1004	1009	2,3,2,2,3
10163	7530	2004-11-03	3017	3006	1006	2,4,3,3,2
10163	10473	2004-11-01	3017	2009	1034	2,4,3,4,2
10163	1228	2004-10-20	3015	1004	1007	1,4,4,3,3
10163	10206	2004-10-19	2010	1004	1014	5,3,3,3,3
10163	10312	2004-10-19	2010	2004		4,3,3,3,3
10163	9667	2004-10-19	2010	2009	1026	4,4,4,4,4
10163	10856	2004-09-29	1019	2009	1005	3,3,3,3,2
10163	5830	2004-09-19	2010	2009	1026	3,2,1,2,3
10163	10122	2004-09-17	1023	1003	1001	4,4,4,3,4
10163	11489	2004-09-17	2010	1011	1001	2,3,3,3,3
10163	12020	2004-09-04	1023	1008	1001	4,5,4,4,4
10163	2823	2004-08-26	1019	4000	1006	2,4,4,3,3
10163	8964	2004-08-08	1019	2009	1034	2,2,3,2,2
10163	10754	2004-06-12	2003	2009	1034	4,4,4,4,3
10163	8471	2003-07-10	2008	6000	1006	3,3,3,4,3
10163	6161	2003-06-10	1022	4000	1006	5,5,5,5,5
10163	1877	2003-06-09	1012	2002	1010	4,3,4,3,3
10163	9908	2003-06-08	2010	1004	1001	4,4,3,3,3
10163	2754	2003-06-01	2010	3006	1002	5,5,5,5,5
10163	9498	2003-05-24	2011	2009	1005	2,3,3,2,3
10163	9003	2003-03-15	1019	2009	1034	4,4,4,4,3
10163	7537	2003-03-09	2010	6000	1006	2,4,2,3,3
10163	6818	2003-01-20	2020	1002	1005	4,4,4,3,3
10163	1229	2003-01-18	2010	1004	1007	3,4,3,4,3
10163	2937	2003-01-11	2011	2009	1010	4,4,5,4,4
10163	5521	2003-01-04	2008	1004	1009	4,3,3,3,4
10163	2670	2002-11-24	2019	1010	1001	4,4,3,3,5
10163	6732	2002-11-24	2019	2009		2,3,2,3,3
10163	7723	2002-10-19	2010	1009	1001	4,4,4,4,3
10163	5830	2002-09-13	2010	2009	1026	4,4,3,4,4
10163	3971	2002-08-20	2008	1011	1005	3,3,2,3,3
10163	6688	2002-04-29	1004	4000	1008	4,4,3,4,3
10163	7616	2002-04-12	2010	2009		3,2,2,3,4
10163	8639	2002-03-07	2010	6000	1006	4,5,5,4,3
10163	6214	2002-01-30	2010	2002	1010	3,3,3,3,2
10163	7581	2002-01-19	2002	4000	1006	3,4,3,4,2
10163	5816	2002-01-19	2008	2009	1005	2,4,3,4,2
10163	9497	2002-01-19	2010	2009	1021	3,3,3,3,3
10163	2635	2001-12-27	3018	1004	1010	4,4,5,5,5
10163	7847	2001-12-27	2015	1004	1009	3,3,3,4,3
10163	5740	2001-11-20	3007	1004	1009	3,3,3,3,3
10163	6202	2001-11-19	2002	1002	1001	4,4,4,4,4
10163	7581	2001-11-19	2002	4000	1006	2,4,2,4,2
10163	208	2001-11-05	2027	4001	1003	2,3,2,2,2
10163	1772	2001-10-23	2010	2009	1005	4,4,3,4,4
10163	919	2001-08-23	2008	2009	1005	3,4,3,4,3
10163	6280	2001-08-19	1019	2009	1021	4,4,4,4,3
10163	7422	2001-08-06	3017	1002	1005	5,5,5,5,5
10163	4167	2001-07-31	2015	2009	1007	3,4,3,5,5
10163	6212	2001-07-31	2003	2009	1007	5,4,4,4,4
10163	6620	2001-07-30	2008	4000	1007	3,4,3,5,3
10163	3270	2001-07-30	2029	2009	1024	2,3,1,4,4
10163	8816	2001-07-26	3017	1002	1005	2,2,3,3,3
10163	3962	2001-07-12	1018	2009	1001	3,4,3,3,5
10163	6675	2001-07-12	2010	1009	1015	5,5,5,5,5
10163	247	2001-07-07	2028	4000	1011	4,4,4,4,4
10165	7393	2001-07-08	2008	1009		3,4,4,5,5
10173	2806	2001-07-18	1003	4000	1006	5,4,5,5,4
10173	2806	2001-07-09	1003	4000	1006	5,4,5,5,4
10175	1754	2002-09-23	2019	1004	1015	3,3,3,3,3
10175	9666	2002-09-23	2008	2009	1034	3,4,4,3,3
10175	628	2002-09-23	1019	4000	1010	3,4,3,3,4
10175	7378	2002-08-10	1018	4000	1006	4,3,3,3,3
10175	9778	2002-08-10	1019	1009	1001	3,3,3,3,3
10175	3224	2002-08-10	1019	2001	1019	3,3,3,3,3
10175	9759	2002-08-10	3007	1010	1001	3,3,3,3,3
10175	2696	2002-08-10	2010	1004	1003	3,3,3,3,3
10175	4116	2002-06-19	1014	2009	1005	3,4,3,4,4
10175	729	2002-06-19	1019	4001	1006	3,3,2,3,3
10175	9640	2002-06-19	1018	1002	1001	3,3,3,3,3
10175	8802	2002-06-19	1019	4000	1003	3,3,3,3,3
10175	9734	2002-05-30	1019	2009	1034	3,3,4,3,4
10175	3981	2002-05-30	1023	1002	1005	3,3,3,3,3
10175	7064	2002-05-28	3004	6000	1006	3,3,3,3,3
10175	1185	2002-05-28	1019	1002	1001	3,3,4,3,3
10175	5087	2002-05-28	1019	2009	1008	3,3,3,3,3
10175	7866	2002-05-28	1019	3006	1006	3,3,3,3,3
10175	85	2002-05-28	1022	1002	1001	3,3,3,3,3
10175	5013	2002-05-28	1019	4000	1006	4,3,3,3,3
10175	3173	2002-05-15	1001	1001	1001	3,3,3,3,3
10175	5141	2002-05-15	2008	3006	1015	2,3,2,3,1
10175	917	2002-05-09	1022	4000	1006	3,4,3,3,3
10175	7375	2002-05-09	1018	2006	1033	3,3,3,3,3
10175	8342	2002-05-09	1023	4000	1003	3,3,3,3,3
10175	3582	2002-05-09	1012	2004		3,3,3,3,3
10175	7751	2002-05-08	2008	1004	1014	3,3,3,3,3
10175	7439	2002-05-08	1004	1001	1001	3,3,3,3,3
10175	847	2002-05-08	1009	4000	1006	3,3,3,3,3
10175	2854	2002-05-08	4005	1004	1001	3,3,3,3,3
10175	8998	2002-05-08	1022	3006	1006	3,4,3,3,3
10175	9727	2002-05-08	1023	1011	1005	4,3,3,3,3
10175	3591	2002-03-13	2008	4000	1011	3,4,2,3,3
10175	3453	2002-03-13	1017	1002	1016	3,3,3,3,4
10175	9694	2002-03-04	1019	3006	1006	3,3,2,3,3
10175	5609	2002-03-04	1019	2009	1034	2,2,3,3,3
10175	9698	2002-03-04	1019	2009	1003	3,3,3,3,3
10175	6004	2002-03-04	3017	2009	1021	3,3,3,3,3
10175	5809	2002-02-23	4002	6000	1011	3,3,3,3,3
10175	6450	2002-02-23	1017	1004	1014	3,3,3,3,3
10175	5304	2002-02-22	1019	1001	1010	2,3,3,3,3
10175	3262	2002-02-21	3005	3006	3012	3,4,3,3,3
10175	4171	2002-02-21	3010	1002	1001	3,3,3,3,3
10175	3519	2002-02-06	1008	1001	1001	4,3,4,3,3
10175	2545	2002-02-06	1019	1009	1006	3,3,3,3,3
10175	7693	2002-02-06	1023	2009	1034	3,3,3,3,3
10175	2201	2002-01-16	1011	4001	1007	3,3,3,3,3
10175	5182	2002-01-16	1019	2009	2	4,4,4,4,3
10175	9666	2002-01-09	2008	2009	1034	3,3,3,4,3
10175	2847	2002-01-09	1004	1003	1001	3,3,3,3,3
10175	264	2002-01-03	1022	4000	1003	1,3,3,3,3
10175	7782	2002-01-03	2015	1004	1009	3,3,3,3,3
10175	7231	2002-01-03	1026	4000	1006	4,3,3,3,3
10175	8999	2001-12-31	2008	6000	1006	3,2,3,3,3
10175	6337	2001-12-31	1019	1004	1006	3,3,3,3,3
10175	7537	2001-12-31	2010	6000	1006	3,3,3,3,3
10175	6386	2001-12-31	3012	1002	1001	3,3,3,2,3
10175	2685	2001-12-30	3006	3006	1006	3,3,3,3,3
10175	6293	2001-12-30	1019	4000	1006	3,4,3,3,3
10175	2610	2001-12-26	1022	4000	1006	4,4,3,4,3
10175	4060	2001-12-09	1019	3010	1003	3,4,3,3,3
10175	162	2001-12-06	1019	1011	1001	3,3,4,3,4
10175	3050	2001-11-26	1019	1002	1020	3,3,3,3,3
10175	1502	2001-11-14	1012	1002	1001	3,4,3,3,2
10175	968	2001-11-14	1019	2002		3,3,3,3,3
10175	9176	2001-11-14	1019	4000	1008	3,3,3,3,3
10175	3841	2001-11-14	3017	1004		3,3,3,3,3
10175	2610	2001-11-14	1022	4000	1006	4,4,4,3,3
10175	9080	2001-11-14	1013	4000	1003	3,3,3,3,3
10175	8874	2001-11-13	3017	1004	1003	4,3,3,4,3
10175	2607	2001-11-13	1019	4000	1008	3,3,3,3,3
10175	7776	2001-11-12	2003	3006	1006	4,3,3,3,3
10175	1411	2001-10-28	1023	2009	1034	3,4,3,3,3
10175	9027	2001-10-28	1019	2002	1010	3,3,3,3,4
10175	598	2001-10-18	1019	3010	1007	3,3,3,3,3
10175	1423	2001-10-18	1019	1018	1001	3,4,4,4,3
10175	8262	2001-10-16	1019	6000	1006	3,3,3,3,3
10175	5683	2001-10-16	1019	1004	1015	4,3,3,3,4
10175	8622	2001-10-16	2015	4000	1008	3,3,3,4,2
10175	1104	2001-10-11	1022	1004	1014	3,3,3,3,3
10175	546	2001-10-04	1019	2006	1031	4,3,3,4,3
10175	6007	2001-10-04	3017	4000	1006	3,3,3,4,4
10175	7503	2001-10-04	2008	1002	1001	3,3,3,3,3
10175	6715	2001-09-17	1019	4001	1008	3,4,3,3,3
10175	4136	2001-09-17	1019	1002	1001	4,3,3,4,4
10175	2667	2001-09-17	1023	1010	1001	3,4,4,4,4
10175	1446	2001-09-17	1019	2009	1034	3,3,3,3,3
10175	9176	2001-09-10	1019	4000	1008	4,3,3,3,3
10175	375	2001-09-08	3017	2004	1010	4,3,4,3,4
10175	2545	2001-09-07	1019	1009	1006	3,3,3,4,3
10175	6063	2001-09-03	4002	2009	1011	3,4,2,3,3
10175	729	2001-09-02	1019	4001	1006	3,4,3,4,4
10175	3467	2001-09-01	1019	4000	1006	4,3,4,4,3
10175	1461	2001-08-30	3017	1002	1001	4,4,4,4,3
10175	8016	2001-08-30	1019	4000	1003	3,3,3,3,3
10175	5358	2001-08-29	1019	2009	1008	3,4,3,3,3
10175	7781	2001-08-29	2015	1002	1001	4,4,4,4,3
10175	1855	2001-08-28	1001	1001	1001	4,3,3,4,4
10175	21	2001-08-28	1003	1002	1009	3,3,3,3,3
10175	7920	2001-08-27	3018	3006	1003	3,3,3,3,3
10175	6770	2001-08-27	1008	1001	1001	4,3,3,3,3
10175	6290	2001-08-27	1019	1004	1009	3,4,3,3,3
10175	946	2001-08-27	1022	2009	1034	3,4,3,4,3
10175	7231	2001-08-27	1026	4000	1006	4,4,4,4,4
10175	8641	2001-08-27	1004	2009	1019	4,4,5,4,4
10175	6279	2001-08-26	1019	1004	1014	3,3,3,3,3
10175	202	2001-08-26	1019	4000	1008	3,3,3,3,3
10175	8669	2001-08-24	1019	1009	1001	4,4,3,4,4
10175	1519	2001-08-24	1013	1004	1009	3,3,3,3,3
10175	5254	2001-08-23	1019	1004	1003	4,3,4,4,4
10175	6461	2001-08-23	1019	1004	1012	2,4,3,3,3
10175	697	2001-08-23	3017	1001	1001	4,4,4,4,4
10175	1105	2001-08-22	1019	1004	1014	4,3,3,4,4
10175	3712	2001-08-22	1019	3006	1006	4,4,4,4,4
10175	8472	2001-08-22	3017	1004	1007	3,3,3,3,3
10175	5017	2001-08-22	1019	2009	1021	4,4,3,4,3
10175	8535	2001-08-22	1011	6000	1006	3,3,4,4,3
10175	3023	2001-08-22	1001	1002	1018	4,3,4,4,4
10175	5079	2001-08-21	2008	4000	1027	4,4,4,4,2
10175	2871	2001-08-20	1007	1002	1001	4,3,3,3,3
10175	7708	2001-08-20	2003	4000	1003	4,4,4,4,4
10175	598	2001-08-20	1019	3010	1007	4,4,3,3,4
10175	2843	2001-08-20	1019	4000	1006	4,3,4,3,3
10175	7773	2001-08-20	2015	1008	1005	3,4,3,4,3
10175	8542	2001-08-20	1019	4000	1006	4,4,4,4,4
10175	5677	2001-08-18	3007	1002		4,3,3,1,4
10175	371	2001-08-16	1019	2002	2004	4,4,4,4,4
10175	3804	2001-08-16	1001	1002	1001	4,4,4,4,4
10175	181	2001-08-16	1022	1004	1003	4,3,3,3,4
10175	3086	2001-08-16	1012	1002	1010	4,3,3,3,3
10175	6929	2001-08-16	1019	2002		4,3,4,4,4
10175	8643	2001-08-16	1019	4000	1006	4,4,4,4,3
10175	5304	2001-08-16	1019	1001	1010	4,3,3,3,4
10175	2366	2001-08-16	3006	1004	1014	3,4,3,4,4
10175	440	2001-08-16	3006	1002	1001	4,4,3,3,4
10175	1084	2001-08-13	1019	4000	1015	3,4,3,4,3
10175	4180	2001-08-13	1008	1002	1014	4,3,3,3,5
10175	7973	2001-08-13	1019	4000	1003	4,4,4,4,4
10175	6280	2001-08-13	1019	2009	1021	3,3,3,3,3
10175	672	2001-08-13	1022	1010	1001	3,3,3,3,3
10175	6278	2001-08-13	1019	4000	1006	4,4,3,4,4
10175	5190	2001-08-13	1019	3006	1022	4,4,4,4,4
10175	5087	2001-08-13	1019	2009	1008	3,4,3,4,3
10175	205	2001-08-13	1019	1004	1006	4,4,4,4,4
10175	7867	2001-08-13	1009	1004	1014	4,3,4,3,5
10175	1912	2001-08-02	1019	1011	1001	3,3,3,3,3
10175	952	2001-08-02	1019	2001	1019	3,4,3,3,3
10175	440	2001-08-02	3006	1002	1001	5,3,3,3,3
10175	7781	2001-08-02	2015	1002	1001	4,4,4,4,3
10175	8810	2001-07-30	1004	2009	1034	3,3,4,3,5
10175	3394	2001-07-23	1022	1002	1005	4,5,4,4,4
10175	5055	2001-07-23	1011	3006	1008	5,3,3,4,4
10175	3689	2001-07-20	2015	4000	1006	4,5,4,5,4
10175	3394	2001-07-17	1022	1002	1005	5,4,4,4,4
10175	16708	2001-07-17	1019	4000	1006	3,4,3,4,3
10175	6282	2001-07-17	1019	2022	1003	3,4,3,4,3
10175	2641	2001-07-17	1019	4000	1006	4,4,4,4,4
10175	7656	2001-07-17	1019	4000	1006	4,5,4,5,4
10175	7235	2001-07-17	1019	2009	1005	4,4,4,3,3
10175	5358	2001-07-17	1019	2009	1008	3,4,3,4,4
10175	1615	2001-07-17	2015	2009	1034	3,3,3,3,4
10175	397	2001-07-17	1019	2009	1024	4,5,4,4,3
10175	2882	2001-07-17	1019	2009	1034	4,4,5,5,3
10175	1635	2001-07-17	1019	2009	1034	3,3,4,3,5
10175	75	2001-07-17	1019	2009	1005	3,4,4,3,2
10175	5282	2001-07-16	1022	2009	1034	3,4,2,4,5
10175	5292	2001-07-16	1019	2009	1026	3,3,3,3,3
10175	7866	2001-07-09	1019	3006	1006	4,4,5,4,3
10178	7638	2001-07-11	3018	4000		4,4,4,4,4
10178	1187	2001-07-11	3018	2009	1008	4,3,3,4,3
10182	9562	2006-11-15	2010	1002	1005	2,2,1,2,2
10182	10959	2006-11-15	2010	1008	1001	2,4,3,3,1
10182	10386	2004-10-20	2008	2009	1034	4,5,2,5,4
10182	23761	2004-03-05	8818	1002	1009	4,2,3,4,4
10182	4065	2004-02-03	2011	1002	1014	3,3,3,3,2
10182	3717	2004-01-30	2008	1002	1001	1,4,3,3,2
10182	3587	2004-01-30	2010	2004	1001	4,3,3,3,3
10182	9749	2004-01-20	2015	2009	1005	4,3,3,4,2
10182	5176	2004-01-17	2008	3006	1006	4,4,4,4,1
10182	3854	2004-01-17	2008	3006	1006	3,4,3,4,1
10182	10380	2004-01-16	2010	6000	1015	4,3,3,4,3
10182	10342	2004-01-07	2010	4000	1014	4,4,4,4,1
10182	10563	2004-01-07	2010	2009		3,5,3,4,3
10182	10241	2004-01-07	2008	1004	1009	3,4,3,1,2
10182	1477	2004-01-07	2010	1004	1010	5,2,3,3,3
10182	3413	2004-01-07	2001	1004	1015	5,3,3,3,3
10182	5238	2003-06-08	2010	1004	1014	4,3,3,3,3
10182	3127	2003-06-06	2011	1011	1001	4,2,3,3,3
10182	803	2003-06-06	2011	1002	1001	4,3,3,3,4
10182	9349	2003-06-05	2015	2004	1009	4,4,4,4,3
10182	10045	2003-06-05	2010	1004		4,4,3,4,4
10182	5830	2003-06-05	2010	2009	1026	3,3,3,3,4
10182	6392	2002-05-30	2010	1012		1,1,1,1,1
10182	5472	2002-05-30	1019	1004	1010	4,2,3,3,4
10182	6658	2002-05-25	2010	1004	1008	3,4,3,3,3
10182	7301	2002-05-25	1009	6000	1006	5,4,3,4,2
10182	244	2002-05-25	2008	4000	1006	4,5,4,4,2
10182	1897	2002-05-25	2010	1004	1015	3,2,2,1,4
10182	1179	2002-05-25	2029	1004	1009	2,4,3,4,3
10182	828	2002-05-25	2015	1002	1001	3,3,3,3,4
10182	6679	2002-05-25	2029	1004	1003	3,3,4,3,3
10182	5621	2002-05-24	2010	2002	1010	2,2,1,1,2
10182	4099	2002-05-24	2011	1009	1010	3,4,3,3,3
10182	6220	2002-05-24	2011	1002	1001	4,4,3,3,3
10182	6206	2002-05-24	2010	1009	1001	1,3,3,3,2
10182	674	2002-05-16	3007	1002	1001	4,3,3,3,3
10182	7434	2002-05-16	2002	4000	6000	3,4,3,3,3
10182	5966	2002-05-10	2008	3006	1006	4,5,3,3,3
10182	803	2002-05-10	2011	1002	1001	4,3,3,3,5
10182	1998	2002-05-10	1003	1002	1010	1,1,1,1,1
10182	8154	2002-02-03	2010	1004		1,1,1,1,1
10182	6019	2002-01-31	2028	2002	1010	1,1,2,1,3
10182	8645	2002-01-31	2008	1001	1009	4,3,3,3,3
10182	3120	2002-01-31	2008	1011	1001	3,4,4,3,3
10182	941	2002-01-31	2010	2009		1,2,2,2,2
10182	7607	2002-01-10	2010	2002		2,4,3,3,3
10182	7472	2002-01-01	2010	1011	1001	2,3,1,2,1
10182	7857	2002-01-01	2010	1004	1014	4,3,3,3,3
10182	1305	2001-10-28	2008	4000	1006	2,3,3,3,2
10182	2465	2001-10-28	2010	1004		3,3,3,2,3
10182	6214	2001-09-24	2010	2002	1010	2,3,3,3,2
10182	6689	2001-09-24	2010	2004		3,4,3,3,2
10182	3215	2001-09-20	2004	1004	1010	3,3,3,3,3
10182	8262	2001-09-20	1019	6000	1006	3,5,4,4,3
10182	6868	2001-09-20	2004	1004	1010	4,3,3,2,4
10182	6159	2001-09-20	2010	2009	1032	3,3,3,3,4
10182	6675	2001-09-20	2010	1009	1015	1,3,3,2,2
10182	7570	2001-09-19	2010	1002	1007	1,3,3,2,3
10182	3796	2001-09-14	2015	2009	1034	3,3,3,3,3
10182	139	2001-09-14	2010	2009	1015	3,2,3,4,3
10182	2199	2001-09-14	2010	4001	1007	5,3,2,2,2
10182	139	2001-09-14	2010	2009	1015	3,2,3,4,3
10182	2696	2001-09-14	2010	1004	1003	4,3,3,3,2
10182	2754	2001-09-14	2010	3006	1002	3,2,3,3,3
10182	7546	2001-09-14	2010	1004	1002	4,3,3,4,2
10182	2857	2001-09-14	2010	1004	1009	2,2,3,3,3
10182	5114	2001-09-14	2008	3010	1006	3,3,3,3,2
10182	8636	2001-09-14	2010	4000	1021	2,3,2,3,2
10182	517	2001-09-11	2008	4000	1011	3,4,4,4,4
10182	5521	2001-09-11	2008	1004	1009	3,3,3,2,4
10182	7475	2001-09-08	2008	1009		2,3,2,3,3
10182	2638	2001-09-08	2008	4000	1006	2,3,3,3,3
10182	1464	2001-09-07	2015	1004	1009	4,2,3,2,4
10182	6577	2001-09-07	2015	1004	1007	1,3,3,3,3
10182	1035	2001-09-07	2011	1004	1009	3,2,2,2,3
10182	36	2001-09-07	2010	2009	1005	3,4,3,3,3
10182	3864	2001-09-06	1022	2009	1034	3,4,3,3,3
10182	1734	2001-09-06	2010	1004	1009	1,1,1,1,1
10182	7723	2001-09-06	2010	1009	1001	3,3,3,4,4
10182	3739	2001-09-06	1019	3010	1002	5,3,3,3,3
10182	5617	2001-09-06	1019	1004	1009	3,2,3,2,3
10182	7513	2001-09-06	1022	4000	1003	3,2,3,3,2
10182	7737	2001-09-06	1019	6000	1032	3,3,3,3,5
10182	3412	2001-09-05	2001	2004		4,3,4,3,3
10182	9000	2001-09-05	1022	6000	1009	2,3,3,3,3
10182	7661	2001-09-05	2010	1004	1003	3,2,2,3,3
10182	1502	2001-09-05	1012	1002	1001	3,4,4,3,1
10182	3654	2001-09-05	1019	1002	1001	3,3,2,3,2
10182	3866	2001-09-05	1022	2009	1034	3,3,1,3,3
10182	5087	2001-09-03	1019	2009	1008	3,4,3,3,2
10182	3041	2001-09-03	2010	6000		3,3,3,4,4
10182	1608	2001-09-03	2001	2009	1026	3,3,3,3,5
10182	3767	2001-09-03	1022	2009	1034	4,4,3,3,2
10182	1793	2001-09-01	2010	6000	1011	3,4,3,4,2
10182	1413	2001-08-31	2015	2009	1024	4,3,3,4,4
10182	2753	2001-08-31	2015	3006	1002	3,4,4,3,3
10182	6275	2001-08-31	1019	2007	1006	3,3,2,3,2
10182	2573	2001-08-31	2010	4001	1007	2,4,3,3,2
10182	8009	2001-08-31	1022	2009	1014	3,4,4,4,3
10182	593	2001-08-29	2015	3010	1006	4,4,3,3,3
10182	4156	2001-08-29	2011	2009	1005	3,2,3,3,3
10182	6337	2001-08-29	1019	1004	1006	3,4,3,3,3
10182	4167	2001-08-28	2015	2009	1007	3,3,2,3,5
10182	933	2001-08-28	1011	2009	1026	3,3,3,3,3
10182	4134	2001-08-28	2011	1004	1009	4,3,3,3,3
10182	672	2001-08-28	1022	1010	1001	1,2,2,2,3
10182	3111	2001-08-27	2004	1011	1001	4,3,4,3,5
10182	6881	2001-08-27	2004	1004	1010	3,2,3,3,3
10182	146	2001-08-27	2010	2009	1005	4,3,3,3,3
10182	8169	2001-08-27	2010	1002	1005	3,3,2,3,3
10182	3712	2001-08-27	1019	3006	1006	3,3,3,1,3
10182	1862	2001-08-27	2011	1002	1001	3,4,4,4,2
10182	7345	2001-08-26	1019	1008	1001	4,3,1,3,3
10182	6689	2001-08-26	2010	2004		3,3,3,3,4
10182	6171	2001-08-26	2015	4000	1003	2,4,1,3,3
10182	6828	2001-08-26	2004	1004	1010	2,2,3,3,5
10182	1054	2001-08-24	2010	4000	1008	1,2,4,3,2
10182	1409	2001-08-24	2010	2009	1021	4,3,3,3,4
10182	6998	2001-08-24	1019	1004		1,5,1,1,1
10182	436	2001-08-24	2010	1005	1001	3,3,2,2,2
10182	5454	2001-08-24	2008	4000	1006	4,3,3,1,5
10182	371	2001-08-24	1019	2002	2004	5,4,3,2,3
10182	6282	2001-08-22	1019	2022	1003	3,5,5,4,3
10182	7777	2001-08-22	2015	2002	1010	4,3,3,3,3
10182	8999	2001-08-22	2008	6000	1006	4,4,5,4,4
10182	7532	2001-08-20	2008	3010	1006	3,5,3,4,2
10184	22100	2011-11-27	2008	6000	1011	2,3,4,4,2
10184	10308	2011-06-25	1003	2002		3,3,3,3,3
10185	1011	2001-07-11	2008	1002	1001	5,4,5,5,4
10206	7581	2001-11-21	2002	4000	1006	3,5,2,5,4
10206	6632	2001-08-11	2002	4000	1008	3,4,3,3,2
10206	8543	2001-07-25	1019	1003	1001	2,4,3,4,2
10206	61	2001-07-24	2002	3006	1006	3,5,5,5,4
10206	2790	2001-07-24	2030	2009	1008	4,3,5,5,3
10206	8541	2001-07-17	1019	4001	1006	4,5,3,5,4
10212	672	2001-08-02	1022	1010	1001	4,3,4,4,3
10212	437	2001-08-02	1019	1005	1001	4,3,3,3,4
10226	5105	2001-09-03	1003	4005	1003	5,4,5,4,4
10226	5522	2001-09-03	1003	1004	1003	4,3,2,4,4
10226	5025	2001-09-03	2008	3010	1006	4,5,5,5,5
10226	5966	2001-09-03	2008	3006	1006	4,4,5,5,5
10226	9007	2001-08-15	1022	2021	1006	4,4,4,4,4
10226	6636	2001-08-15	1019	4000	1003	3,4,3,5,1
10226	2322	2001-08-08	3007	2009	1026	4,4,4,4,5
10226	5544	2001-08-08	3007	1011	1005	5,3,4,4,5
10226	7494	2001-08-03	1003	4000	1008	3,4,3,4,3
10226	711	2001-08-01	2002	3011	1006	3,3,4,5,4
10226	83	2001-07-31	3007	2002	1011	3,4,4,4,3
10226	1941	2001-07-31	3007	3003	1006	4,3,4,4,5
10226	8281	2001-07-29	2003	4001	1008	4,3,2,4,4
10226	1581	2001-07-28	3007	1004	1016	5,3,4,3,5
10226	8146	2001-07-24	2008	2006	1006	4,4,4,4,5
10226	1488	2001-07-22	3007	4001	1007	1,2,3,4,4
10226	2372	2001-07-22	1002	6000	1032	4,5,5,4,4
10226	2770	2001-07-22	2008	4001	1006	4,4,3,4,3
10226	2932	2001-07-22	3007	4001	1006	3,3,3,4,1
10226	2571	2001-07-22	3007	4001	1007	4,3,3,4,4
10226	5219	2001-07-22	3007	4001	1008	3,3,3,3,3
10226	5055	2001-07-21	1011	3006	1008	5,2,4,4,2
10226	911	2001-07-21	2008	3010	1006	5,5,5,5,5
10226	592	2001-07-21	2008	3010	1007	5,4,2,3,4
10226	6412	2001-07-21	1004	3006	4000	5,5,4,5,4
10226	373	2001-07-20	3007	2002	2004	4,3,3,3,3
10226	490	2001-07-20	1004	4000	1006	4,4,4,4,4
10226	1480	2001-07-20	1011	2006	1019	5,2,4,5,4
10234	2619	2001-07-21	1019	1001	1001	4,2,1,1,3
10241	3461	2001-08-25	1022	1004	1014	3,3,3,3,4
10241	1181	2001-08-18	1022	1002	1001	4,3,4,4,3
10241	812	2001-08-17	1022	1002	1001	5,5,4,5,4
10241	1966	2001-08-16	1003	1002	1001	3,4,2,4,2
10241	553	2001-08-16	1019	1002	1005	4,5,3,4,3
10241	23734	2001-08-03	8808	1002	1005	4,4,3,4,4
10241	6952	2001-07-23	3003	1004	1005	4,4,4,4,5
10241	553	2001-07-21	1019	1002	1005	5,4,3,4,4
10244	1735	2001-09-24	2011	6000	1006	4,4,4,4,4
10251	3994	2001-07-24	2015	1004	1009	1,3,3,2,3
10251	4138	2001-07-24	2015	1004	1009	5,2,4,2,5
10251	1033	2001-07-24	2015	1004	1009	3,2,5,1,2
10252	82593	2012-02-21	8907	2004	2	5,5,5,5,4
10252	24466	2012-02-21	8904	1002	1010	3,3,4,4,3
10252	71232	2012-02-21	8907	1031		5,4,4,4,4
10252	71281	2012-02-21	8907	1011		4,4,3,4,4
10252	38104	2012-02-21	8907	1010		4,5,5,4,4
10252	51341	2012-02-21	8907	3003		4,4,5,4,4
10252	18527	2007-09-08	4009	1004	1017	2,4,4,4,3
10252	4159	2007-09-08	1003	4001	1007	3,2,1,2,3
10252	14530	2007-07-26	1003	1004	1006	3,2,2,2,2
10252	11973	2007-05-22	1003	1004	1008	3,3,1,3,3
10252	14142	2007-05-14	2026	6000		
10252	16603	2007-05-12	4009	3010	1007	3,4,3,4,5
10252	3599	2007-05-12	2008	4000	6000	4,4,5,4,4
10252	9834	2007-05-12	1019	1015	1001	4,4,3,4,4
10252	2060	2007-05-12	1003	1004	1007	4,3,2,3,4
10252	5940	2007-05-12	2008	6000	1011	4,4,4,4,3
10252	9861	2006-06-23	2008	2009		
10252	9738	2006-06-14	2003	1018	1001	4,4,4,3,3
10252	1868	2006-05-23	1003	1002	1005	2,2,2,2,2
10253	58842	2011-09-16	2008	2009	1005	4,3,4,4,4
10253	1413	2011-04-11	2015	2009	1024	1,1,1,1,1
10254	3412	2001-07-24	2001	2004		3,5,4,5,3
10257	8471	2001-10-05	2008	6000	1006	4,4,3,4,4
10257	2790	2001-10-05	2030	2009	1008	3,3,2,4,3
10257	6366	2001-07-25	2015	2009	1034	4,4,2,4,3
10258	8636	2001-07-31	2010	4000	1021	3,3,2,3,2
10258	7784	2001-07-27	2010	1004	1006	4,4,4,4,3
10258	7668	2001-07-27	2010	1004	1006	5,3,5,4,5
10258	5472	2001-07-26	1019	1004	1010	5,2,2,4,5
10258	5130	2001-07-26	3007	4000	1006	1,1,1,1,1
10258	3268	2001-07-26	4001	3006	1006	2,4,2,3,1
10258	7125	2001-07-25	3008	1001	1009	5,3,4,3,5
10260	517	2010-07-28	2008	4000	1011	3,4,4,4,2
10260	39170	2010-07-28	2008	2009	2	2,4,4,4,2
10260	6879	2010-07-19	2004	1012	1015	4,2,3,3,4
10260	21187	2010-06-15	2008	2002	1011	4,5,3,4,4
10260	40788	2010-05-27	2015	1004	1015	3,3,4,4,4
10260	42197	2010-05-26	2015	2001	1002	4,2,4,3,4
10260	3666	2010-05-26	2008	4000	6000	4,5,4,4,3
10260	42572	2010-05-19	2008	4000	1008	4,3,4,4,2
10260	35457	2010-05-04	2008	1002	1001	3,4,3,4,3
10260	3694	2010-05-04	2008	1002	1005	4,4,3,4,3
10260	42709	2010-03-30	2008	1002	1001	3,3,2,3,2
10260	3666	2009-11-25	2008	4000	6000	4,5,5,5,4
10260	21187	2009-10-30	2008	2002	1011	4,5,4,5,3
10260	15288	2009-08-25	2008	4000	1008	2,2,1,3,2
10260	3666	2009-07-07	2008	4000	6000	4,5,5,5,5
10260	537	2009-03-17	2008	1008	1010	2,2,1,2,3
10260	2938	2007-10-11	2008	3006	1011	4,4,5,3,2
10260	3666	2004-05-05	2008	4000	6000	
10260	6719	2001-08-07	2008	4000	1006	5,5,5,5,4
10260	8118	2001-08-07	2028	2009	1034	3,5,4,4,4
10260	61	2001-07-26	2002	3006	1006	3,4,5,4,3
10260	6715	2001-07-26	1019	4001	1008	4,3,5,5,2
10268	8826	2001-10-21	2013	4000	1008	5,5,5,5,4
10271	104132	2012-06-20	1004	1004	1001	2,1,1,2,2
10271	2372	2001-07-27	1002	6000	1032	4,5,4,4,4
10271	7443	2001-07-27	1022	2009		5,4,4,4,4
10271	6438	2001-07-27	1022	1011	1001	3,1,3,2,4
10272	23470	2012-07-19	1001	1004	1004	1,4,4,4,2
10272	83083	2012-06-09	2011	4000	1021	4,4,4,4,4
10272	3914	2011-09-21	1003	1002	1009	2,4,3,2,1
10272	24865	2011-05-26	8820	1002	1001	4,3,4,4,4
10272	30647	2011-05-24	1001	1004	1014	1,2,3,4,3
10272	1506	2010-08-05	1011	4000	1010	4,5,5,5,4
10272	24345	2010-08-04	8908	3003	1006	4,5,5,4,4
10272	33839	2009-10-07	2028	1004	1014	4,4,4,4,4
10272	6041	2003-01-24	2001	2004	1015	5,4,5,5,5
10272	9826	2002-11-23	1019	1002	1001	3,4,2,5,3
10272	1908	2002-11-23	2008	1011	1001	4,5,5,5,4
10272	3717	2002-11-23	2008	1002	1001	4,4,1,3,3
10276	1097	2001-07-28	2008	2009	1011	5,5,4,5,2
10276	1523	2001-07-28	1022	2009	1011	4,4,3,4,2
10279	5142	2001-07-29	3007	2009	1008	3,3,3,4,1
10280	1109	2001-09-11	2010	1002	1001	5,5,5,3,4
10289	6450	2003-08-13	1017	1004	1014	4,3,1,3,2
10290	3086	2001-08-01	1012	1002	1010	5,3,4,4,3
10290	2685	2001-08-01	3006	3006	1006	5,4,5,4,5
10292	6390	2001-08-01	2003	4000	1006	4,5,4,4,5
10296	9369	2003-05-17	1022	1010	1001	3,3,3,2,2
10296	437	2001-08-01	1019	1005	1001	4,4,3,3,3
10296	2855	2001-08-01	2002	4000	1006	3,4,3,3,2
10298	3519	2002-01-14	1008	1001	1001	4,3,4,4,5
10298	3155	2002-01-14	1019	4001	1006	4,4,4,5,4
10298	8542	2002-01-14	1019	4000	1006	3,4,4,4,3
10298	2692	2001-12-27	1022	2004	1009	5,4,4,4,4
10298	6288	2001-12-27	1019	6000	1006	2,3,3,4,2
10298	5216	2001-12-27	1003	3021		2,5,4,4,1
10298	1615	2001-11-06	2015	2009	1034	3,3,2,3,3
10298	5182	2001-08-18	1019	2009	2	5,4,4,5,4
10298	7739	2001-08-18	1019	2009	1034	4,4,3,4,4
10309	6235	2001-08-03	2028	1004	1006	2,3,1,3,2
10311	7443	2001-08-06	1022	2009		4,4,3,4,5
10311	2372	2001-08-04	1002	6000	1032	4,5,4,4,4
10316	3154	2001-09-04	2008	4001	1010	4,4,4,3,3
10316	1101	2001-08-10	3018	1004	1014	3,3,3,3,3
10316	7434	2001-08-07	2002	4000	6000	4,5,4,5,4
10316	6247	2001-08-07	3018	2009	1026	5,3,4,4,5
10316	158	2001-08-06	3005	2009	1007	4,4,4,4,4
10317	5914	2001-08-06	2001	1001	1001	3,1,1,1,2
10319	2606	2001-08-06	1003	4000	1008	1,1,1,1,1
10329	4045	2001-08-07	2002	1002	1010	3,2,1,2,2
10330	15550	2008-03-08	2010	4000	1003	4,3,4,4,5
10330	3971	2007-10-30	2008	1011	1005	4,3,3,4,5
10330	9869	2007-10-24	2008	6000	1021	5,5,4,5,5
10337	2058	2001-08-14	1019	1002	1001	4,4,4,5,3
10338	26114	2008-10-27	1009	2009	1034	4,3,2,4,3
10339	6218	2001-08-09	3018	2022	1003	5,5,5,5,5
10340	729	2001-08-08	1019	4001	1006	4,5,4,5,3
10340	5224	2001-08-08	2008	1011	1001	3,3,3,3,3
10340	7294	2001-08-08	2008	4000	1006	3,4,4,4,4
10352	61	2001-09-19	2002	3006	1006	4,5,3,4,3
10352	2841	2001-09-14	2002	3021	4000	4,4,3,4,3
10352	7673	2001-09-14	2002	4000	1008	4,4,3,4,2
10355	5609	2002-05-04	1019	2009	1034	2,2,1,2,1
10356	7538	2001-09-19	2008	3003	1006	1,1,1,1,1
10356	8636	2001-09-17	2010	4000	1021	1,3,2,3,1
10356	2306	2001-09-14	1022	1002		3,2,2,3,3
10356	7668	2001-08-14	2010	1004	1006	5,4,3,4,4
10357	40352	2010-07-07	2008	2009	1024	4,4,4,4,3
10357	15591	2006-06-01	1019	6000	1003	4,4,4,4,4
10357	14650	2005-11-07	2010	1004	1015	4,4,3,4,4
10357	10042	2003-04-24	1019	1008	1001	2,3,2,4,3
10357	7591	2002-09-25	2008	2009	1034	5,4,5,5,5
10357	5754	2002-05-27	1022	2009	1034	4,3,4,4,4
10357	5754	2001-11-06	1022	2009	1034	4,2,4,4,4
10357	7563	2001-11-06	1004	2009	1005	4,3,4,5,5
10357	5754	2001-08-28	1022	2009	1034	5,4,5,5,4
10364	8913	2001-08-15	1022	3010	1006	3,4,1,4,3
10366	32108	2012-02-17	1019	4001	1006	4,4,4,4,3
10366	3249	2012-02-03	2008	1010	1001	4,4,3,4,3
10366	21254	2012-01-27	1003	1002	1001	2,3,3,3,2
10366	73808	2012-01-06	1003	1002	1001	2,4,3,4,3
10366	1064	2012-01-03	1019	1011	1001	3,4,4,4,3
10366	3489	2011-12-28	1019	1002	1001	4,4,3,3,3
10366	46967	2011-12-19	1019	2009	1011	4,4,4,4,3
10366	1308	2011-12-15	2008	1011	1018	3,4,4,4,3
10366	3224	2011-12-02	1019	2001	1019	5,4,4,4,4
10366	53893	2011-12-01	1019	1002	1001	4,5,4,4,3
10366	66304	2011-11-28	2008	1004	1010	3,4,4,4,3
10366	37783	2011-11-14	1019	1002	1005	3,3,1,2,2
10366	50874	2011-11-09	2010	1002	1001	4,4,3,4,3
10366	51075	2011-10-19	1003	2009	1024	4,4,4,4,4
10366	48979	2011-09-28	1003	1018	1005	4,4,4,4,4
10366	14925	2011-09-27	1019	1002	1005	4,4,3,4,4
10366	12001	2011-05-23	2008	2009	1034	5,4,4,4,3
10366	7345	2001-08-24	1019	1008	1001	5,4,5,5,4
10367	44	2001-08-16	2008	2009	1005	4,5,1,4,4
10376	74228	2012-04-08	2008	2001	1019	2,3,2,3,1
10376	38011	2010-01-12	2008	4000	1003	2,3,1,3,2
10377	9346	2006-09-19	3018	4000	1003	3,3,3,3,3
10377	13758	2006-09-19	2026	1004	1003	3,3,3,3,3
10377	8802	2006-09-19	1019	4000	1003	4,4,3,4,3
10377	12094	2006-09-04	3018	1004	1003	3,3,3,3,3
10377	11178	2006-09-03	2031	1004	1007	3,3,3,3,3
10377	14434	2006-09-03	1008	1004	1003	4,3,3,3,3
10377	12609	2006-09-03	3018	4000	1003	4,3,3,3,3
10377	9228	2006-07-21	3018	4000	1003	4,3,3,3,3
10377	12377	2006-07-21	3018	1004	1002	3,3,3,3,3
10377	10961	2006-07-21	2010	1001	1011	4,3,3,3,3
10377	15863	2006-07-21	3018	4000	1003	4,3,4,3,3
10377	9228	2006-07-02	3018	4000	1003	4,3,3,4,2
10377	10104	2006-07-01	3018	1004	1009	3,3,4,3,3
10377	9764	2006-06-30	3007	2009	1021	4,3,3,4,4
10380	10523	2004-04-17	1001	4000	1008	4,4,3,4,3
10380	10451	2004-01-22	2008	4000		3,3,3,3,3
10380	10802	2004-01-04	1019	2009		3,3,2,3,3
10380	9846	2004-01-04	1019	2009	1034	4,4,2,4,4
10380	1202	2003-12-15	3007	1001	1001	3,3,1,3,2
10380	10614	2003-11-30	2010	2009		2,3,3,3,3
10380	10451	2003-11-28	2008	4000		3,3,3,3,3
10380	10246	2003-11-04	1019	4000	1008	4,3,4,4,3
10380	7289	2003-10-07	1005	4000	6000	1,4,2,2,2
10380	1860	2003-10-02	3007	1002	1005	5,3,3,3,3
10380	10011	2003-08-20	2010	4000	1008	3,1,3,3,3
10380	6337	2003-07-26	1019	1004	1006	3,2,3,3,3
10380	10185	2003-07-22	1019	4000	1008	3,3,2,3,4
10380	10185	2003-07-15	1019	4000	1008	3,3,2,3,4
10380	10185	2003-07-15	1019	4000	1008	3,3,2,4,3
10380	9851	2003-07-14	1019	4000	1008	3,3,2,4,1
10380	3552	2003-06-19	1003	1004	1006	4,3,5,3,5
10380	6470	2003-06-16	2008	2009	1021	3,2,2,3,1
10380	3202	2003-06-10	1022	1002	1015	4,3,2,3,3
10380	10107	2003-06-10	1008	4000	1006	1,2,3,3,2
10380	9846	2003-05-28	1019	2009	1034	4,4,5,5,4
10380	9699	2003-05-11	1019	2009	1015	3,2,3,2,3
10380	10003	2003-03-20	3007	1004	1009	5,2,4,3,4
10380	9999	2003-03-19	1005	2005		3,3,3,4,3
10380	9731	2003-03-19	1008	1002	1005	2,3,2,3,3
10380	9851	2003-03-09	1019	4000	1008	4,4,3,5,5
10380	9887	2003-01-26	2019	3006	1007	4,2,3,3,5
10380	9851	2003-01-16	1019	4000	1008	3,4,3,4,5
10380	9481	2002-12-30	3007	1002	1005	3,2,3,2,4
10380	410	2002-12-25	2020	1001	1001	5,3,3,3,3
10380	3708	2002-12-25	3007	3006	1006	5,4,5,4,4
10380	104	2002-12-25	2010	2005	1033	3,3,2,3,3
10380	3698	2002-12-25	2008	3006	1006	5,3,3,4,5
10380	3592	2002-12-24	1019	4000	1010	4,4,5,5,3
10380	1713	2002-12-23	3007	2006	1006	5,4,4,5,4
10380	8078	2002-12-14	1008	1011	1010	5,4,5,5,5
10380	9683	2002-12-08	2005	6000	1006	3,5,3,4,2
10380	9759	2002-12-02	3007	1010	1001	1,2,3,4,1
10380	5891	2002-10-21	2008	4000		3,4,4,4,3
10380	7934	2002-10-20	1008	1002	1002	2,3,3,3,1
10380	1555	2002-10-20	1008	1004	1002	4,2,3,3,3
10380	6744	2002-10-10	1008	1004	1009	4,3,4,4,3
10380	1137	2002-09-18	1008	1004	1002	3,2,3,2,2
10380	2109	2002-09-18	1008	1004	1007	1,3,3,3,2
10380	2294	2002-09-18	1008	2006	1015	3,2,2,3,4
10380	3753	2002-09-07	3007	1002	1001	3,3,3,3,2
10380	1941	2002-07-13	3007	3003	1006	2,4,4,4,2
10380	9050	2002-07-11	2015	6000	1008	2,2,2,3,2
10380	7434	2002-07-09	2002	4000	6000	2,4,4,4,3
10380	2932	2002-07-09	3007	4001	1006	3,3,4,3,2
10380	6470	2002-06-30	2008	2009	1021	3,3,3,2,3
10380	9739	2002-06-30	2005	4000	1006	2,5,3,5,2
10380	2115	2002-06-26	3007	1002	1005	1,1,1,1,1
10380	61	2002-06-26	2002	3006	1006	4,3,3,5,3
10380	5219	2002-05-21	3007	4001	1008	2,4,4,2,3
10380	6793	2002-05-18	3007	2009	1021	4,5,2,4,4
10380	5117	2002-05-18	3007	4000	1015	2,2,3,3,1
10382	61	2001-08-19	2002	3006	1006	5,5,5,5,5
10390	7775	2002-05-02	3018	2002	1010	4,3,3,4,5
10390	7053	2002-04-24	3004	1004	1008	1,3,2,3,2
10390	8774	2002-04-24	3003	3006	1006	3,3,3,3,3
10390	5986	2002-04-03	4004	2009	1015	3,4,5,4,4
10390	8220	2002-04-03	4004	1002	1001	4,4,3,3,4
10390	5986	2002-04-03	4004	2009	1015	3,4,5,4,4
10390	5966	2001-09-01	2008	3006	1006	2,4,3,4,2
10390	5444	2001-08-31	3007	2002		3,4,3,5,4
10390	3484	2001-08-22	2029	2009	1002	3,3,2,4,5
10390	2903	2001-08-20	3006	3006	1006	4,4,5,5,3
10391	215	2001-09-18	3004	1004	1007	3,4,3,4,3
10391	3701	2001-08-28	2010	3006	1006	5,3,4,3,3
10391	7038	2001-08-21	3004	2009	1006	5,5,4,5,5
10391	2225	2001-08-20	3018	4001	1007	5,5,3,4,5
10399	26986	2009-09-08	2001	4000	1003	5,4,5,4,2
10399	19352	2009-09-08	2001	1004	1001	5,3,4,4,3
10399	470	2009-09-06	3002	2004	5	5,3,4,4,4
10399	12364	2008-10-20	3006	1002	1001	5,4,3,3,4
10399	18855	2008-07-22	1019	4000	1023	5,4,5,5,4
10399	12536	2005-09-18	3006	2009		5,5,5,5,4
10399	3468	2002-07-09	2008	4000	1006	4,4,3,4,2
10399	2372	2001-09-06	1002	6000	1032	3,5,3,5,3
10399	1852	2001-09-06	2008	3010	1006	5,4,5,5,3
10399	6073	2001-08-22	1022	3006	1006	5,5,5,5,4
10401	9947	2010-07-14	2002	4000	1006	3,2,4,3,2
10401	37360	2010-07-08	3005	1004	1009	4,3,3,3,3
10401	36498	2010-07-08	2008	2009		4,4,4,3,2
10401	3708	2010-06-18	3007	3006	1006	3,3,1,2,2
10401	21521	2010-06-14	3004	1011	1016	3,3,3,3,3
10401	17841	2010-06-11	2010	2009	1026	
10401	19038	2010-06-07	3003	1002	1005	4,3,4,4,3
10401	24079	2010-06-01	8801	3003	1006	4,3,3,3,3
10401	35459	2010-06-01	2008	6000	1006	4,4,4,3,3
10401	20752	2010-06-01	3003	1004	1001	4,2,3,3,3
10401	4042	2010-06-01	2001	2004		3,4,4,4,3
10401	13027	2010-06-01	4010	1004	1015	4,4,5,4,5
10401	15146	2010-06-01	4010	1002	1005	5,3,5,4,4
10401	32524	2010-04-22	3003	1009	1001	2,2,4,3,2
10401	19312	2010-03-30	3004	1004	1009	3,3,3,1,1
10401	16904	2010-03-30	3005	4000	1007	4,4,4,3,3
10401	7434	2010-03-30	2002	4000	6000	3,3,4,4,2
10401	13124	2008-12-16	1022	3010	1006	4,4,3,4,3
10401	5933	2008-11-21	3003	4001	1007	4,3,3,3,3
10401	21002	2008-11-18	2008	1009	1011	3,3,5,3,2
10401	15583	2008-10-21	1004	1004	1015	3,3,4,3,2
10401	6610	2008-10-21	1019	4000	1003	4,3,3,3,3
10401	21569	2008-10-20	3007	3006	1014	3,3,4,3,2
10401	17950	2008-10-20	2002	2009	1026	3,2,2,2,2
10401	16294	2008-10-20	2002	1004	1001	4,3,3,3,3
10401	2739	2008-09-30	3001	3006	1002	2,3,2,3,2
10401	21551	2008-09-30	3003	1012		3,3,3,3,2
10401	25278	2008-09-22	2026	2009	1024	4,3,4,4,3
10401	18406	2008-09-19	2027	3006		
10401	5253	2008-09-19	2010	1004	1007	4,4,3,3,3
10401	22600	2008-09-19	3001	4001	1007	4,3,3,3,3
10401	6549	2008-08-21	3005	1004	1007	4,3,3,3,3
10401	15707	2008-08-18	3003	2004		3,2,2,2,2
10401	21904	2008-08-18	3018	2009	1007	3,4,2,3,2
10401	17392	2008-08-18	3018	3001	1003	4,4,3,2,3
10401	2978	2008-08-18	3007	1009	1008	3,2,1,2,2
10401	20134	2008-08-09	3007	2009	1015	3,3,2,2,2
10401	19942	2008-08-09	3007	2009	1007	3,2,3,3,2
10401	21251	2008-08-05	3005	2002	1010	4,3,3,3,2
10401	18145	2008-08-05	2010	2009	1026	4,3,3,3,3
10401	2814	2008-07-24	3003	1009	1009	3,3,3,3,3
10401	22603	2008-07-19	3007	4000	1008	4,3,3,3,3
10401	7371	2008-07-19	3017	4000	1003	1,2,2,2,2
10401	15379	2008-07-16	3003	2009	1034	4,3,3,3,3
10401	20469	2008-07-16	3003	2009		3,3,3,2,4
10401	15890	2008-07-14	3005	1004	1001	3,3,3,3,3
10401	20436	2008-07-08	3003	1004	1015	
10401	20161	2008-07-08	3001	1004	1009	3,3,2,3,4
10401	22597	2008-07-08	3001	1004	1015	3,3,3,3,5
10401	14074	2008-07-07	2010	2009	1005	3,4,5,3,3
10401	10287	2008-06-22	3007	2009		2,3,3,3,2
10401	1084	2008-06-22	1019	4000	1015	4,3,3,2,2
10401	18758	2008-06-22	1019	1011	1005	3,3,3,3,2
10401	17589	2008-06-19	2005	2009	1037	4,3,5,3,3
10401	16900	2008-06-17	2005	2004	1022	4,3,4,3,4
10401	2966	2008-06-17	3003	1009	1008	
10401	18146	2008-06-15	2010	3006	1006	4,4,5,4,3
10401	11069	2008-06-12	2002	2004	1031	4,3,3,3,4
10401	6282	2008-06-08	1019	2022	1003	4,3,3,3,3
10401	16900	2008-06-05	2005	2004	1022	4,4,4,3,3
10401	14339	2008-06-04	3003	3003	1006	4,2,4,3,3
10401	21309	2008-05-26	3015	2004	1022	4,4,4,4,3
10401	16696	2008-05-12	3001	2009	1034	2,1,3,2,2
10401	17295	2008-05-12	2002	2002	2	3,3,2,3,2
10401	3468	2008-05-12	2008	4000	1006	3,3,4,3,2
10401	12524	2008-04-23	2005	1004	1009	2,3,1,2,1
10401	17589	2008-03-25	2005	2009	1037	3,3,1,3,2
10401	1235	2008-02-04	1019	1002	1010	3,3,3,3,1
10401	11325	2008-01-02	1018	1004	1015	1,2,2,2,2
10401	15765	2008-01-02	1022	4000	1003	2,2,4,2,3
10401	6332	2008-01-02	1026	2009	1034	5,4,4,4,3
10401	15003	2007-12-09	3007	4000	1006	4,3,3,3,3
10401	19230	2007-12-03	2008	2009		3,3,4,3,3
10401	14700	2007-12-03	2008	4000	1006	3,3,3,3,4
10401	5182	2007-11-22	1019	2009	2	4,4,4,4,2
10401	15656	2007-11-22	2022	1011	1010	4,3,4,3,5
10401	19254	2007-11-21	2008	2005	1011	3,3,2,3,2
10401	5623	2007-11-07	2010	2002		3,2,3,2,3
10401	8728	2007-11-06	3003	6000	1007	4,3,3,3,5
10401	13946	2007-11-06	2008	2009	1005	4,4,3,4,3
10401	19500	2007-11-06	3001	1004	1010	4,3,3,3,2
10401	18344	2007-11-06	2008	2004	2005	4,5,4,4,4
10401	9050	2002-08-30	2015	6000	1008	1,2,1,1,1
10401	2841	2002-06-26	2002	3021	4000	3,4,2,4,3
10401	3706	2002-06-26	3015	3006	1006	2,4,3,4,3
10401	3524	2002-01-25	2008	1002	1011	4,3,4,3,4
10401	19718	2002-01-25	3003	1002	1010	5,2,4,3,5
10401	3479	2002-01-25	3003	1009	1015	4,3,4,3,4
10401	7856	2002-01-25	3003	2009	1034	4,3,3,3,4
10401	3745	2002-01-24	3004	1002	1008	1,3,1,1,1
10401	228	2002-01-23	1002	4000	1006	4,5,4,4,2
10401	7550	2002-01-11	2008	2009	1026	4,4,4,3,3
10401	1424	2002-01-11	2002	2009	1034	5,4,3,4,4
10401	9304	2002-01-09	3004	4000	1003	3,4,4,3,3
10401	7085	2002-01-09	3004	1009		4,3,3,3,4
10401	7085	2002-01-09	3004	1009		4,3,3,3,4
10401	932	2001-10-03	1019	2009	1026	5,4,3,4,4
10401	2075	2001-10-03	3003	1004	1007	2,3,3,2,2
10401	7041	2001-10-03	3004	2002	1006	4,4,4,3,3
10401	2885	2001-08-31	3007	1004	1007	2,3,3,3,2
10401	44	2001-08-27	2008	2009	1005	4,4,4,4,3
10401	3018	2001-08-27	2008	4001	1003	4,4,4,4,1
10401	1305	2001-08-27	2008	4000	1006	4,4,4,3,3
10401	941	2001-08-27	2010	2009		2,3,3,2,3
10401	2904	2001-08-27	3003	4000	1002	2,3,3,3,3
10401	437	2001-08-27	1019	1005	1001	4,3,3,3,3
10401	3653	2001-08-26	2008	4000	1010	3,3,3,3,3
10401	3717	2001-08-25	2008	1002	1001	4,4,3,3,3
10401	7052	2001-08-25	3004	1004	1006	2,2,2,1,4
10401	1424	2001-08-25	2002	2009	1034	4,4,2,4,3
10401	1151	2001-08-25	3005	4001	1007	4,3,4,3,3
10401	5907	2001-08-25	3018	2009	1026	3,3,2,2,3
10401	5290	2001-08-24	2008	2009	1026	4,3,4,3,4
10401	3770	2001-08-24	3007	1002	1015	4,4,2,4,3
10401	8878	2001-08-23	3003	1004	1015	2,2,3,2,3
10401	8728	2001-08-23	3003	6000	1007	4,2,4,3,5
10401	2636	2001-08-23	3003	2001	1019	2,3,2,1,2
10401	3708	2001-08-23	3007	3006	1006	5,4,3,4,3
10401	1435	2001-08-23	3004	1004	1003	5,4,5,5,5
10401	578	2001-08-23	3004	1004	1009	5,3,3,3,4
10401	243	2001-08-23	3004	1004		3,1,2,1,4
10401	2949	2001-08-23	3003	1004	1007	2,1,3,1,5
10401	3882	2001-08-23	3003	1002	1010	5,3,3,3,5
10405	4044	2001-08-23	1019	2004	1006	1,4,1,3,1
10405	7652	2001-08-23	2001	2004		5,3,5,4,5
10406	1127	2001-08-24	3007	2001	1019	3,4,3,4,4
10406	1341	2001-08-24	3007	2009	1001	5,4,2,3,4
10408	6073	2001-08-24	1022	3006	1006	4,4,4,5,5
10408	7483	2001-08-24	1019	1009	1012	3,4,2,5,2
10408	5849	2001-08-24	2008	3006	1006	5,4,4,5,4
10412	12262	2010-10-12	1014	1004	1001	1,2,1,1,2
10412	18269	2010-03-15	2013	1002	1005	1,1,1,1,1
10412	14707	2009-09-14	1014	2009	1034	
10412	6280	2001-08-27	1019	2009	1021	4,4,5,4,4
10413	5362	2001-08-27	1019	1002	1005	4,4,4,4,4
10413	1751	2001-08-27	1022	2009	1021	4,3,4,4,4
10428	5660	2001-08-28	2028	1004	1006	5,5,5,5,5
10432	1341	2001-08-31	3007	2009	1001	4,4,5,4,3
10432	6061	2001-08-29	3007	2009	1005	4,4,4,4,3
10432	3836	2001-08-29	3018	1004	1009	4,3,3,3,4
10434	468	2001-08-28	2013	1004	1014	5,4,4,5,5
10435	3570	2001-08-28	2010	2009	1021	1,1,1,1,1
10441	23815	2001-08-29	8811	3006		5,5,4,5,4
10442	164	2001-08-29	1003	3001	1006	4,4,3,4,3
10449	5130	2001-08-30	3007	4000	1006	3,3,1,4,3
10452	5660	2001-08-31	2028	1004	1006	5,3,3,3,5
10467	2848	2001-09-03	1022	4000	1032	3,5,5,5,1
10470	97197	2013-06-22	2005	2009	1002	3,5,5,5,2
10470	121204	2013-06-21	2008	2009	1005	5,5,5,5,5
10470	117074	2013-05-14	2005	2009	1005	5,4,5,5,5
10470	49081	2011-04-22	2010	1009	1015	2,2,3,5,3
10470	30745	2009-03-17	2005	1004	1014	3,4,5,4,4
10470	9663	2008-12-13	3002	1004	1014	3,4,4,4,4
10470	14631	2008-08-19	2010	1004	1015	5,3,4,4,4
10470	14815	2008-04-30	2005	1004	1009	5,2,2,3,5
10470	18610	2007-11-22	2003	1005		4,3,5,5,4
10470	14705	2007-05-03	2005	4000	1006	4,5,5,5,5
10470	17351	2007-04-30	2010	3010	1006	
10470	1310	2001-09-03	2008	1004	1032	4,5,3,4,4
10470	7550	2001-09-03	2008	2009	1026	5,5,5,5,4
10472	3263	2001-09-03	2008	4000	1006	4,4,2,3,3
10473	7681	2002-02-15	2008	3010	1006	4,2,5,5,2
10476	4164	2001-09-05	1022	2009	1007	4,3,5,4,4
10476	1478	2001-09-05	1022	2009	1034	1,2,1,2,2
10476	9049	2001-09-04	3020	2009	1031	1,2,1,1,1
10477	6468	2002-10-25	2008	1004	1012	3,4,4,3,5
10477	2366	2002-09-02	3006	1004	1014	3,4,5,5,4
10477	9767	2002-09-02	1019	1004	1010	3,4,3,5,3
10477	9780	2002-07-29	2011	2009	1021	2,3,4,2,2
10477	7611	2002-07-29	1010	3011	1006	4,5,5,5,4
10477	4026	2002-06-26	1022	1002	1001	4,3,4,4,5
10477	7308	2002-06-26	2019	1004	1001	4,3,3,3,4
10477	9727	2002-04-22	1023	1011	1005	5,4,4,4,5
10477	8216	2002-04-15	4004	1002	1009	4,4,4,4,4
10477	3296	2002-04-15	4004	1004	1002	3,4,4,4,4
10477	9727	2002-04-15	1023	1011	1005	5,4,4,5,4
10477	9693	2002-04-09	2008	2009		4,5,4,5,4
10477	712	2002-04-08	2008	3011	1006	4,4,5,5,3
10477	2509	2002-04-08	1003	1011	1001	5,4,4,4,5
10477	5846	2002-04-07	1023	3010	1006	5,5,5,5,4
10477	6718	2002-04-07	2008	2002	2004	5,5,5,5,5
10477	181	2002-04-07	1022	1004	1003	3,4,3,3,3
10477	6870	2002-04-05	2004	2002		4,3,5,4,5
10477	9826	2002-04-05	1019	1002	1001	5,5,5,5,4
10477	9692	2002-03-19	2008	4000	1006	4,4,5,4,4
10477	7558	2002-03-19	1022	1008	1001	4,4,4,4,4
10477	9004	2002-02-17	1019	2001	1019	4,5,5,5,4
10477	6929	2002-02-17	1019	2002		5,4,4,4,5
10477	7693	2002-02-17	1023	2009	1034	5,5,5,5,4
10477	3468	2002-02-17	2008	4000	1006	4,3,1,3,1
10477	3072	2002-01-20	2028	2009	1001	3,4,4,4,5
10477	6293	2002-01-20	1019	4000	1006	3,4,4,3,3
10477	9650	2002-01-10	2015	1001	1001	4,4,4,4,4
10477	14	2001-12-26	3007	4000	1006	4,4,4,2,3
10477	9016	2001-11-22	1019	4000	1006	4,4,5,5,4
10477	3689	2001-11-20	2015	4000	1006	4,4,5,4,5
10477	9456	2001-11-18	1011	4001	1007	4,4,4,4,3
10477	8009	2001-11-18	1022	2009	1014	3,4,5,4,4
10477	9648	2001-11-10	1024	2002		4,4,5,4,5
10477	3246	2001-11-09	1015	2005	1011	5,5,5,5,5
10477	9644	2001-11-05	2022	6000	1007	5,4,5,5,5
10477	9642	2001-10-27	2008	1008		3,4,5,5,3
10477	9643	2001-10-27	1003	4000	1008	5,5,4,5,4
10477	7473	2001-10-20	1003	2009	1034	5,4,5,5,4
10477	8041	2001-10-17	1022	1002		5,5,5,5,5
10477	7584	2001-10-17	1003	1008	1001	5,4,3,4,4
10477	8041	2001-10-17	1022	1002		5,5,5,5,5
10477	6290	2001-10-17	1019	1004	1009	4,4,3,4,5
10477	3696	2001-10-16	1003	3006	1006	4,4,4,4,5
10477	946	2001-10-11	1022	2009	1034	3,4,4,4,3
10477	8342	2001-10-11	1023	4000	1003	5,5,3,5,5
10477	1746	2001-10-10	1018	1002	1001	5,4,3,4,5
10477	8998	2001-10-10	1022	3006	1006	4,5,4,5,5
10477	8542	2001-10-09	1019	4000	1006	4,5,5,5,4
10477	1410	2001-10-07	1019	2009	1034	4,4,5,4,5
10477	7483	2001-10-07	1019	1009	1012	4,5,5,5,3
10477	402	2001-10-06	2001	1001	1014	4,4,5,4,5
10477	9640	2001-10-04	1018	1002	1001	5,4,5,4,5
10477	7642	2001-10-04	2008	4000		3,3,4,4,2
10477	6998	2001-10-03	1019	1004		4,4,4,5,5
10477	8119	2001-10-03	2008	2009	1034	3,4,5,4,3
10477	7586	2001-09-28	2008	3021	1006	5,5,5,4,4
10477	61	2001-09-28	2002	3006	1006	4,4,3,4,4
10477	543	2001-09-28	1022	1004	1033	3,3,4,4,4
10477	8533	2001-09-27	1022	1008		5,3,4,4,5
10477	7642	2001-09-24	2008	4000		3,3,4,5,2
10477	1651	2001-09-24	2002	4000	1006	3,4,4,4,4
10477	2605	2001-09-24	1003	4000	1008	4,5,4,4,5
10477	6715	2001-09-20	1019	4001	1008	5,5,4,5,5
10477	2667	2001-09-20	1023	1010	1001	4,5,5,4,5
10477	8342	2001-09-19	1023	4000	1003	3,4,4,4,3
10477	6337	2001-09-12	1019	1004	1006	4,5,4,4,5
10477	437	2001-09-12	1019	1005	1001	4,3,4,4,5
10477	3461	2001-09-12	1022	1004	1014	3,3,4,4,3
10477	7475	2001-09-12	2008	1009		4,4,4,4,5
10477	2366	2001-09-12	3006	1004	1014	5,3,4,4,5
10477	3847	2001-09-11	1004	1002	1016	5,3,3,5,5
10477	9174	2001-09-10	1022	2004	1006	4,4,5,5,5
10477	9176	2001-09-10	1019	4000	1008	5,4,5,5,5
10477	7503	2001-09-10	2008	1002	1001	4,4,3,4,4
10477	8913	2001-09-10	1022	3010	1006	4,4,5,4,4
10477	1776	2001-09-10	1022	3006	1006	5,4,4,2,5
10477	8999	2001-09-10	2008	6000	1006	4,4,5,5,5
10477	7329	2001-09-10	1022	2009	1021	3,4,4,4,3
10477	468	2001-09-09	2013	1004	1014	5,3,4,4,5
10477	2372	2001-09-06	1002	6000	1032	3,4,4,4,3
10477	296	2001-09-05	1022	3006	1006	4,5,5,5,4
10477	852	2001-09-05	2008	1004		5,4,4,4,4
10477	7532	2001-09-05	2008	3010	1006	3,5,4,4,3
10477	6073	2001-09-05	1022	3006	1006	5,5,5,5,4
10479	3028	2001-09-05	2028	4000	1003	5,4,5,4,5
10480	6356	2001-09-25	2008	2004	1006	3,3,1,3,3
10482	7774	2001-09-05	3020	2002	1010	2,3,2,3,3
10485	18056	2010-07-17	2008	2009	1034	5,5,4,4,4
10485	23668	2009-06-26	1019	1004	1009	
10485	27036	2009-01-05	1019	2009	1022	1,1,1,3,1
10485	18841	2008-04-06	1019	2002	1010	3,3,1,1,3
10485	15116	2006-02-08	2010	4000	1006	5,5,3,4,3
10485	13742	2005-11-15	2008	3006	1006	4,4,4,4,3
10499	2400	2001-09-09	2008	2009	1034	3,2,3,3,3
10499	2400	2001-09-09	2008	2009	1034	3,2,3,3,3
10499	912	2001-09-09	2008	2009	1034	4,2,5,4,3
10502	7158	2005-05-20	3008	1011	1001	5,4,4,4,4
10502	1078	2005-05-17	3001	1004	1009	5,3,4,3,4
10502	2372	2004-12-11	1002	6000	1032	
10502	5966	2002-02-28	2008	3006	1006	4,5,4,1,3
10502	2644	2002-02-26	1011	2004	2009	3,3,3,3,3
10502	6356	2002-02-14	2008	2004	1006	3,3,3,3,3
10502	2848	2002-02-14	1022	4000	1032	2,5,4,4,3
10502	7773	2002-02-11	2015	1008	1005	3,4,1,4,1
10502	203	2002-02-08	2008	4000	1008	5,5,5,5,5
10516	6282	2001-09-16	1019	2022	1003	5,4,3,5,4
10519	2671	2009-12-14	2010	1010	1001	1,1,1,1,1
10519	12077	2005-07-22	2028	1003	1010	4,3,3,3,5
10519	1548	2001-09-27	2029	4000	1003	3,1,1,3,3
10522	1618	2001-09-22	1003	1002	1010	3,2,2,3,2
10524	3971	2004-11-30	2008	1011	1005	4,2,3,3,5
10524	8669	2001-10-06	1019	1009	1001	3,4,2,4,2
10524	8996	2001-09-30	3018	6000	1009	4,4,5,5,4
10524	6238	2001-09-27	2028	1004	1002	3,2,3,3,4
10526	30878	2009-03-07	1017	6000	1024	5,4,4,5,4
10526	3718	2005-01-17	2008	3004	1006	3,3,4,5,2
10526	11438	2004-07-20	1019	2009	1034	4,3,4,4,4
10526	8826	2003-09-27	2013	4000	1008	5,5,5,5,5
10526	9868	2003-05-16	1019	2009	1034	4,4,4,4,4
10526	9983	2003-03-31	2008	2009	1032	4,4,4,5,4
10526	7641	2002-01-13	2013	2009		4,4,5,4,4
10526	1443	2001-12-08	1011	4000	1006	4,4,5,5,4
10526	8826	2001-10-19	2013	4000	1008	5,5,5,5,5
10526	8827	2001-10-11	2010	4000	1006	3,4,3,5,4
10526	384	2001-10-11	2015	3006	1003	4,4,5,5,3
10526	203	2001-10-10	2008	4000	1008	5,5,5,5,5
10526	6678	2001-10-09	2019	2004		5,4,4,4,5
10526	8796	2001-10-09	2010	2009	1005	4,4,3,5,4
10526	2128	2001-10-09	2019	4001	1007	4,4,1,5,5
10526	6393	2001-10-09	2029	4000	1006	4,3,4,5,3
10529	6214	2001-09-26	2010	2002	1010	2,2,2,2,2
10529	972	2001-09-20	2010	2002	1009	2,3,3,2,1
10529	7607	2001-09-20	2010	2002		4,3,3,3,5
10534	3412	2001-09-22	2001	2004		2,3,1,3,2
10542	48869	2011-04-05	2008	3006	1006	4,3,1,3,3
10542	40503	2011-01-04	1023	3006	1006	2,2,1,3,5
10542	24456	2010-12-20	8808	1002	1001	5,4,5,4,5
10542	17614	2010-12-19	2028	2004	1009	5,4,5,4,5
10542	2417	2010-12-19	3010	1002	1001	2,2,2,3,1
10542	26187	2010-12-19	8808	1002		5,3,2,3,4
10542	13122	2010-12-18	1001	1004	1016	5,3,5,4,5
10542	7377	2010-12-17	1018	1004	1009	4,3,4,3,4
10542	23942	2010-12-16	8906	1002		4,4,4,4,4
10542	15477	2010-12-16	1019	2005	1033	3,3,1,2,1
10542	26336	2010-12-16	1001	1002	1001	3,4,2,3,3
10542	8803	2010-12-08	2011	1002	1018	1,1,1,1,1
10542	24986	2010-12-06	8888	1002	1002	5,5,5,5,5
10542	46730	2010-12-04	3003	2001	1023	5,5,5,5,5
10542	2112	2010-11-17	1023	1004	1007	1,2,1,1,1
10542	26958	2010-11-11	2010	2009	1019	4,5,5,5,4
10542	1581	2010-11-08	3007	1004	1016	3,3,3,3,4
10542	12650	2010-11-08	1022	1004	1009	4,4,4,4,4
10542	41897	2010-11-08	1022	1004	1001	4,4,5,4,4
10542	5595	2010-11-05	2010	1002	1001	3,1,1,1,2
10542	10922	2010-11-05	2019	1003	1010	1,2,2,2,2
10542	47358	2010-11-05	2003	4000	1007	2,2,1,2,3
10542	18167	2010-10-15	1001	1004	1009	4,3,5,4,4
10542	36252	2010-10-12	1003	1002	1001	5,5,5,5,5
10542	24347	2010-10-11	8904	3003	1023	4,4,4,4,4
10542	41467	2010-01-27	1022	1004	1009	
10542	6150	2010-01-24	3012	1002	1005	Occasion:,Spending per head:,Other Ratings:,2,3
10542	11848	2008-04-14	1009	1002	1005	2,2,1,1,1
10542	10216	2006-06-26	1001	1002	1005	
10542	12364	2006-06-26	3006	1002	1001	
10542	15350	2006-04-04	1022	1010	1001	5,3,3,4,4
10542	14703	2006-04-04	3003	2001	1019	4,4,4,5,5
10542	14854	2006-01-29	1001	2005	1010	1,3,1,3,1
10544	9647	2001-11-05	3003	2009	1005	5,2,3,3,5
10544	8103	2001-09-27	3007	4000	1007	4,5,4,5,5
10544	6428	2001-09-24	2008	1004	1009	1,1,1,1,1
10544	81	2001-09-24	1022	2006	1033	4,4,4,4,3
10544	852	2001-09-24	2008	1004		5,5,5,5,5
10544	5282	2001-09-24	1022	2009	1034	2,2,1,3,3
10550	12863	2007-09-15	2010	4001	1003	
10555	6253	2001-09-27	1019	4000	1010	3,3,1,3,3
10555	754	2001-09-27	1019	3006	1006	5,4,5,5,5
10570	7647	2001-10-02	2016	2009		4,3,3,5,5
10574	23766	2001-10-04	8808	1002		2,3,3,3,3
10574	23904	2001-10-04	8904	1015	1033	4,3,3,4,4
10574	24093	2001-10-04	8888	3003	1006	5,4,4,4,4
10574	2306	2001-10-03	1022	1002		4,3,3,3,4
10574	4165	2001-10-03	3007	2009	1007	5,3,3,3,5
10574	5219	2001-10-03	3007	4001	1008	3,3,2,3,2
10574	9050	2001-10-03	2015	6000	1008	3,5,1,4,1
10579	9050	2001-10-03	2015	6000	1008	2,3,1,4,1
10583	5786	2001-10-05	3007	1002	1005	3,4,4,4,5
10583	5786	2001-10-05	3007	1002	1005	3,4,4,4,5
10585	11379	2008-01-16	2008	2009	1019	4,5,4,5,4
10590	8289	2001-10-07	1022	4001	1008	4,4,5,5,3
10593	8943	2002-05-10	3018	1003	1001	4,5,3,4,5
10593	228	2002-05-10	1002	4000	1006	4,5,4,4,4
10593	1615	2001-10-14	2015	2009	1034	4,3,4,3,3
10594	134006	2013-05-10	1005	3009	1008	4,5,5,5,4
10594	118831	2013-04-21	1003	3006	1022	5,4,4,5,4
10594	40424	2013-03-24	1022	2009	1019	5,5,5,5,4
10594	120973	2013-03-22	1019	4000	1008	5,5,4,5,4
10594	116398	2013-03-20	2028	2009	1005	3,4,3,4,4
10594	114814	2013-03-04	2008	2009	1005	5,4,4,4,4
10594	121204	2013-02-26	2008	2009	1005	5,4,5,5,5
10594	20259	2013-02-20	2008	2009	1028	1,3,4,3,1
10594	2407	2001-10-07	1003	1004	1010	4,3,3,3,5
10598	8826	2001-10-21	2013	4000	1008	5,5,5,5,4
10598	3718	2001-10-07	2008	3004	1006	4,5,4,5,4
10599	7330	2002-01-13	2008	2009	1021	2,1,2,3,2
10599	7550	2001-10-10	2008	2009	1026	4,4,2,5,5
