1000	12628	2004-12-08	2004	1004	1016	5,2,3,2,4
1000	11877	2004-07-09	2013	1002	1009	5,2,4,2,5
1000	468	2004-07-09	2013	1004	1014	2,2,3,3,4
1000	10147	2004-07-07	3020	1004	1006	1,2,3,2,1
1000	10498	2004-01-08	3018	2009	1034	4,4,4,4,4
1000	6124	2003-09-15	2011	1010	1001	2,2,2,1,2
1000	10139	2003-06-20	2015	2005	1007	3,3,4,3,3
1000	7673	2003-05-13	2002	4000	1008	3,5,1,4,1
1000	9900	2003-04-10	2010	2009	1021	4,3,4,3,5
1000	9997	2003-03-16	1026	1011	1001	4,2,3,3,4
1000	6276	2003-01-18	1019	2009	1001	3,4,1,4,1
1000	9806	2003-01-18	2005	4000	1008	5,4,5,5,4
1000	9947	2003-01-11	2002	4000	1006	4,3,3,3,4
1000	9689	2002-12-28	2008	4001	1011	5,5,5,5,5
1000	2366	2002-12-12	3006	1004	1014	1,3,2,3,2
1000	9887	2002-12-08	2019	3006	1007	4,3,4,3,5
1000	9855	2002-10-10	1019	3010	1007	3,5,3,3,2
1000	9382	2002-09-27	1022	2006	1032	3,3,3,3,3
1000	9814	2002-09-08	2002	1004	1008	3,5,4,5,5
1000	1117	2002-08-27	2016	1002	1001	3,3,3,3,5
1000	9795	2002-08-22	1003	3009	1008	3,4,3,3,3
1000	8965	2002-08-13	2001	4000	1014	3,3,3,3,3
1000	5978	2002-08-12	2026	2009	1021	4,4,4,3,3
1000	1601	2002-08-12	2008	2009	1034	4,3,1,3,1
1000	6620	2002-08-10	2008	4000	1007	4,5,4,4,3
1000	8262	2002-08-10	1019	6000	1006	5,5,5,5,5
1000	9689	2002-07-06	2008	4001	1011	4,4,4,4,4
1000	9765	2002-06-30	3007	6000	1006	4,5,5,5,3
1000	4048	2002-06-03	2001	1002	1010	3,1,2,2,2
1000	9746	2002-06-02	2029	2009	1021	4,3,3,5,4
1000	9732	2002-04-29	2028	1002	1001	5,4,4,4,4
1000	6206	2002-04-17	2010	1009	1001	4,3,4,1,3
1000	9718	2002-04-12	2010	1004	1007	5,5,5,5,5
1000	7616	2002-04-12	2010	2009		3,1,2,2,3
1000	8552	2002-03-24	2029	1002	1005	4,3,3,3,5
1000	9046	2002-03-01	2010	2009	1026	2,2,4,2,3
1000	9650	2001-12-19	2015	1001	1001	5,4,4,5,4
1000	8636	2001-07-04	2010	4000	1021	3,4,3,1,3
1000	2855	2001-04-19	2002	4000	1006	4,5,4,5,3
1000	2574	2001-04-19	1022	4001	1007	4,5,1,4,3
1000	1911	2001-04-12	2028	1011	1001	4,4,4,1,4
1000	7768	2001-03-24	2010	4000	1006	3,4,3,3,3
1000	2936	2001-02-14	2008	4001	1003	5,5,5,5,3
1000	1651	2001-02-04	2002	4000	1006	5,5,5,5,5
1000	6152	2001-02-01	1022	1004	1009	3,3,3,3,5
1000	3163	2001-01-24	1019	1008	1001	5,5,5,5,5
1000	734	2001-01-17	2001	1002	1001	3,2,2,3,1
1000	6566	2001-01-17	2001	1004	1009	3,4,3,4,5
1000	7558	2000-11-20	1022	1008	1001	4,4,3,3,4
1000	23766	2000-08-21	8808	1002		4,2,3,3,2
1000	5238	2000-07-08	2010	1004	1014	2,2,1,2,1
1000	6725	2000-05-31	2010	1004	1009	4,2,3,2,5
1000	6359	2000-03-18	3007	6000	1006	2,5,4,4,3
1000	6359	2000-03-18	3007	6000	1006	2,5,4,4,3
1000	3122	2000-02-27	2001	1011	1001	3,3,4,4,3
1000	5389	2000-02-24	2010	4001	1006	2,5,4,5,5
1000	2770	2000-02-13	2008	4001	1006	4,4,4,3,3
1000	1875	2000-02-12	1022	1002	1001	1,1,1,1,1
1000	5246	2000-02-08	1003	1004	1007	4,3,3,2,4
1000	45	2000-02-01	2010	2009	1005	4,3,2,4,3
1000	45	2000-02-01	2010	2009	1005	4,3,2,4,3
1000	6203	2000-01-29	1019	3006	1006	4,4,4,4,4
1000	3249	1999-12-24	2008	1010	1001	4,4,4,4,2
1000	602	1999-12-14	1003	3010	1007	4,5,5,5,3
1000	1115	1999-12-10	1004	1002	1001	2,3,2,3,4
1000	1548	1999-12-01	2029	4000	1003	4,2,3,3,5
1000	4101	1999-11-27	3003	1009	1010	3,3,4,4,5
1000	5978	1999-11-16	2026	2009	1021	3,3,3,3,3
1000	1873	1999-11-11	1022	1002	1001	5,5,5,5,5
1000	3899	1999-11-10	3006	1002	1001	5,5,5,5,5
1000	2344	1999-11-09	3006	2004	1001	5,5,5,4,5
1000	1772	1999-10-28	2010	2009	1005	4,5,4,5,5
1000	5454	1999-10-27	2008	4000	1006	4,2,3,3,5
1000	2323	1999-10-23	1004	1002	1001	3,4,4,3,5
1000	5090	1999-10-23	1004	4001	1015	3,3,4,5,3
1000	1626	1999-10-23	1004	1004	1006	4,4,4,4,5
1001	834	2000-02-24	1019	4000	1006	4,4,4,4,4
1001	5994	1999-12-18	3018	2009	1008	1,2,2,2,1
1001	402	1999-11-21	2001	1001	1014	5,4,5,4,4
1001	672	1999-11-15	1022	1010	1001	5,4,5,4,4
1001	162	1999-10-28	1019	1011	1001	3,5,4,5,2
1001	61	1999-10-18	2002	3006	1006	4,4,4,4,4
1002	1073	1999-11-28	1001	4001	1007	5,5,5,5,5
1002	3783	1999-11-28	2008	4001	1006	4,4,3,4,3
1002	3684	1999-11-28	1003	3010	1006	4,5,3,4,3
1002	3783	1999-11-28	2008	4001	1006	4,4,3,4,3
1002	4224	1999-11-28	1019	3006	1006	4,3,4,4,4
1002	5928	1999-10-30	1023	4001	1002	3,3,3,3,4
1002	2834	1999-10-30	1014	1004	1010	4,4,3,5,4
1002	2352	1999-10-18	1014	2009	1034	4,3,3,4,4
1007	132	1999-10-19	2010	1018	1001	4,4,3,4,4
1009	6336	2001-02-10	2008	4000	6000	5,4,5,4,1
1009	7503	2001-01-08	2008	1002	1001	4,5,5,5,4
1009	2876	2000-12-05	2030	4000	1006	3,4,3,4,1
1009	7559	2000-10-13	2008	1004	1006	3,5,3,1,2
1009	23922	2000-08-23	8903	3003		1,5,1,5,1
1009	23968	2000-08-14	8801	3003		3,5,3,4,5
1009	2157	2000-06-12	3005	4001	1007	1,1,5,1,1
1009	3701	2000-06-09	2010	3006	1006	1,3,2,4,1
1009	6159	2000-06-07	2010	2009	1032	4,4,5,2,3
1009	6339	2000-05-16	2010	1011	1001	1,1,1,1,1
1009	6620	2000-04-06	2008	4000	1007	5,5,4,4,4
1009	3800	2000-03-22	2008	2009	1034	3,2,2,2,2
1009	2887	2000-03-21	3018	1004	1007	2,5,2,2,2
1009	6359	2000-03-15	3007	6000	1006	1,2,4,2,1
1009	4151	2000-03-01	2020	1004	1002	5,2,4,3,4
1009	5624	2000-02-27	1019	2002		3,3,3,3,3
1009	5246	2000-02-26	1003	1004	1007	3,1,1,1,4
1009	6356	2000-02-26	2008	2004	1006	2,4,5,5,3
1009	6041	2000-02-21	2001	2004	1015	5,2,5,3,4
1009	728	2000-02-12	2008	2009	1005	2,2,2,2,2
1009	2891	2000-02-10	1003	1002	1005	2,3,3,3,3
1009	5246	2000-02-02	1003	1004	1007	2,1,1,1,2
1009	45	2000-02-01	2010	2009	1005	3,4,3,1,2
1009	679	2000-01-17	2026	2001	1001	4,2,5,3,5
1009	5450	2000-01-07	2010	4000	1006	3,4,3,3,3
1009	371	2000-01-07	1019	2002	2004	4,5,4,5,2
1009	2847	2000-01-07	1004	1003	1001	5,3,4,4,4
1009	6149	1999-12-30	3012	2009	1032	5,3,4,3,4
1009	6066	1999-12-22	2010	1004	1008	5,3,4,1,3
1009	5450	1999-12-20	2010	4000	1006	5,5,5,5,5
1009	6066	1999-12-20	2010	1004	1008	1,1,1,1,1
1009	6149	1999-12-14	3012	2009	1032	5,5,4,3,3
1009	6117	1999-12-07	2020	2009	1034	3,5,3,5,3
1009	2054	1999-12-06	2012	1002	1001	3,3,1,2,2
1009	6066	1999-12-03	2010	1004	1008	4,3,5,4,3
1009	211	1999-12-03	2029	4000	1006	3,3,3,3,2
1009	6076	1999-12-02	1001	4000	1002	2,3,3,3,3
1009	6075	1999-12-02	1001	1004	1009	4,3,3,3,3
1009	567	1999-12-02	1022	1002	1015	4,2,3,2,3
1009	1548	1999-12-01	2029	4000	1003	5,3,4,3,4
1009	6066	1999-11-29	2010	1004	1008	5,5,5,5,5
1009	3274	1999-11-25	1019	4000	1006	5,3,4,4,3
1009	2923	1999-11-24	2010	1002	1005	3,4,3,4,4
1009	46	1999-11-22	1019	2009	1005	3,4,4,4,1
1009	319	1999-11-18	1003	4001	1007	1,1,1,1,1
1009	47	1999-11-13	2027	2009	1005	3,5,4,5,2
1009	3899	1999-11-13	3006	1002	1001	5,5,5,5,4
1009	1615	1999-10-25	2015	2009	1034	4,5,1,3,3
1009	1418	1999-10-25	1010	4000	1006	1,1,1,1,1
1009	1418	1999-10-25	1010	4000	1006	5,5,5,5,5
1009	1775	1999-10-25	1011	4001	1006	3,4,4,4,3
1009	5621	1999-10-22	2010	2002	1010	4,4,4,4,3
1009	1418	1999-10-20	1010	4000	1006	1,5,1,1,1
1009	4223	1999-10-20	2010	2002	1010	5,1,5,5,4
1009	2009	1999-10-20	2021	1004	1009	3,5,3,3,4
1010	2641	2000-01-26	1019	4000	1006	5,3,5,4,5
1013	1731	2001-02-15	1019	2001	1019	4,4,3,4,5
1013	7375	2001-01-09	1018	2006	1033	4,3,5,3,4
1013	2598	2000-03-02	2008	4000	1008	2,5,4,5,2
1013	6419	2000-03-02	2011	4000	1003	4,4,5,4,5
1013	2824	2000-01-28	1019	4000	1006	3,4,4,4,3
1013	1084	2000-01-02	1019	4000	1015	4,4,4,4,2
1013	3823	2000-01-02	1003	1002	1010	4,3,3,3,5
1013	5789	1999-12-25	1019	1004	1010	4,3,1,3,5
1013	2060	1999-12-25	1003	1004	1007	4,3,4,3,5
1013	5275	1999-12-23	1003	4000	1006	3,5,3,3,3
1013	524	1999-12-23	2008	4000	1006	4,4,4,4,5
1013	3696	1999-12-22	1003	3006	1006	4,4,4,2,3
1013	2614	1999-12-22	2024	1002	1001	4,4,2,4,3
1013	3374	1999-12-21	1004	1004	1002	4,3,3,3,5
1013	602	1999-12-13	1003	3010	1007	4,3,4,3,3
1013	1939	1999-12-12	1019	3003	1006	4,3,3,4,4
1013	1115	1999-12-10	1004	1002	1001	3,3,3,2,4
1013	74	1999-12-10	1003	2009	1034	3,3,1,3,2
1013	74	1999-12-08	1003	2009	1034	3,3,1,3,2
1013	74	1999-12-08	1003	2009	1034	3,3,1,3,2
1013	2054	1999-12-04	2012	1002	1001	4,3,2,3,3
1013	3066	1999-11-25	1003	1002	1001	3,3,3,3,3
1013	3326	1999-11-23	1019	1002	1002	3,3,3,3,5
1013	917	1999-11-20	1022	4000	1006	3,4,4,4,4
1013	5243	1999-11-20	1019	1004	1007	3,3,2,3,3
1013	5384	1999-11-13	1019	1004	1004	4,3,3,3,4
1013	285	1999-11-13	1024	1004	1007	3,3,3,3,2
1013	2366	1999-11-02	3006	1004	1014	5,4,5,4,4
1013	5683	1999-11-02	1019	1004	1015	5,2,3,3,2
1013	3654	1999-11-01	1019	1002	1001	2,2,4,3,1
1013	5454	1999-10-26	2008	4000	1006	5,1,3,3,5
1013	3154	1999-10-26	2008	4001	1010	4,5,5,5,2
1013	1651	1999-10-24	2002	4000	1006	5,3,4,5,3
1013	61	1999-10-23	2002	3006	1006	5,5,5,5,5
1013	156	1999-10-22	1003	2004	1010	5,4,4,5,5
1013	3207	1999-10-22	1003	4000	1006	4,4,5,5,2
1013	702	1999-10-21	1003	6000	1006	4,4,4,5,3
1013	74	1999-10-21	1003	2009	1034	4,4,4,4,2
1013	1805	1999-10-21	1001	2007	1003	3,3,2,4,5
1014	3550	1999-10-26	3006	4000	1006	5,5,3,3,5
1016	1986	1999-10-22	1003	4000	1006	5,4,4,4,3
1017	12383	2007-08-24	1019	2009	1034	4,4,4,4,3
1017	19048	2007-08-24	1019	4000	1010	4,4,3,4,3
1017	16096	2006-10-18	1009	2004		3,3,3,3,3
1017	16077	2006-10-18	2028	2009	1005	3,3,3,4,4
1017	3570	2006-10-05	2010	2009	1021	4,3,4,4,4
1017	9947	2006-08-25	2002	4000	1006	4,3,4,3,4
1017	15080	2006-08-08	2010	2009	1026	
1017	9537	2006-08-08	3018	1004	1010	3,3,3,3,3
1017	15149	2006-07-25	1019	2009	1005	
1017	15223	2006-07-25	1019	2002	2	3,4,3,4,2
1017	13117	2006-07-18	1019	6000	1006	
1017	14730	2006-07-18	1021	2009	1034	4,3,3,3,3
1017	10348	2006-07-18	1019	1011	1001	4,4,4,3,3
1017	9927	2006-07-12	2008	1002	1001	3,3,4,3,3
1017	13462	2006-07-11	2013	1021	1001	4,2,2,3,4
1017	13970	2006-06-22	1019	2009	1026	4,3,4,4,4
1017	1338	1999-11-22	2010	2009	1005	3,3,3,3,4
1017	729	1999-11-22	1019	4001	1006	3,3,4,4,3
1017	205	1999-11-22	1019	1004	1006	4,4,4,4,4
1017	3258	1999-11-22	1010	4000	1006	4,4,4,4,4
1017	183	1999-11-21	1019	1004	1003	3,4,3,3,4
1017	75	1999-11-21	1019	2009	1005	4,4,4,4,3
1017	46	1999-11-21	1019	2009	1005	3,4,3,4,2
1017	1646	1999-11-21	1019	2002	1010	3,2,3,2,4
1017	130	1999-11-21	2008	4000	1006	4,4,5,4,3
1017	261	1999-11-21	2001	2004	1009	4,3,3,3,4
1017	1615	1999-10-22	2015	2009	1034	4,3,3,4,4
1018	1222	1999-11-17	1001	1004	1005	5,5,5,5,4
1018	280	1999-10-22	1022	4000	1010	2,3,1,4,2
1018	3384	1999-10-22	1022	4000	1008	5,5,5,5,5
1024	44012	2010-07-26	1003	2009	2	3,3,1,5,1
1024	5182	2005-08-08	1019	2009	2	5,5,5,3,5
1024	3696	2000-06-08	1003	3006	1006	3,5,2,4,2
1024	5182	1999-11-14	1019	2009	2	5,5,5,5,5
1024	5182	1999-10-30	1019	2009	2	5,5,5,5,5
1033	2422	1999-10-25	1003	2008		5,4,2,4,3
1033	1430	1999-10-25	1003	2002	1006	3,5,5,5,3
1033	1180	1999-10-25	1015	1002	1001	5,5,5,5,5
1035	241	1999-10-26	2001	4000	1006	4,3,4,5,5
1037	3505	1999-11-15	2008	1002	1010	4,3,4,3,5
1037	279	1999-10-25	2008	4000	1008	5,5,5,5,4
1037	203	1999-10-25	2008	4000	1008	4,4,4,4,4
1037	2793	1999-10-25	1019	2009	1008	5,5,4,3,4
1037	1448	1999-10-25	1019	4000	1010	3,5,3,4,3
1037	202	1999-10-25	1019	4000	1008	4,4,3,4,4
1039	3395	2012-11-10	3015	2009	1002	
1039	69279	2011-12-11	3018	1004	1015	2,2,2,2,1
1039	13354	2010-09-24	2029	1002	1009	4,3,3,2,1
1040	95781	2013-08-02	3020	4000	1006	1,4,4,4,2
1040	94955	2013-07-07	1022	1002	1005	3,3,2,3,4
1040	1974	2012-07-17	2025	1002	1005	4,4,1,4,2
1040	10374	2012-07-15	1019	4000	1006	4,4,5,5,3
1040	17037	2012-07-12	1001	6000	1006	5,5,3,5,4
1040	6300	2001-06-07	1003	3010	1006	2,3,3,4,1
1040	8009	2001-05-16	1022	2009	1014	4,3,5,4,4
1040	2074	2001-05-16	3005	1004	1007	3,2,4,3,5
1040	3611	2000-08-08	1019	1002	1001	5,4,3,4,5
1040	5209	2000-08-08	1003	1004	1009	5,5,5,5,5
1040	3006	2000-05-14	1005	4000	1006	4,4,5,5,4
1040	4203	2000-05-08	1003	1002	1001	4,4,5,5,4
1040	2871	2000-05-05	1007	1002	1001	5,4,4,4,3
1040	6639	2000-04-12	1022	3010	1006	1,5,3,5,4
1040	6205	2000-03-23	1019	1004	1009	3,4,3,3,3
1040	1318	2000-03-23	1022	1004	1009	3,3,2,2,4
1040	1064	2000-03-23	1019	1011	1001	4,4,4,3,4
1040	2598	2000-03-22	2008	4000	1008	4,5,4,5,3
1040	711	2000-03-22	2002	3011	1006	4,4,4,5,2
1040	2034	2000-03-22	2008	2009	1034	5,4,5,5,3
1040	5189	2000-03-21	1019	1008	1021	5,4,5,4,4
1040	1747	2000-03-20	1008	1002	1001	5,2,4,3,5
1040	2619	2000-03-20	1019	1001	1001	3,4,4,4,4
1040	1997	2000-03-18	1022	4000	1006	1,1,1,2,2
1040	3266	2000-03-17	1011	4000	1006	4,5,5,5,4
1040	5209	2000-03-17	1003	1004	1009	4,2,4,3,5
1040	3611	2000-03-16	1019	1002	1001	5,4,4,4,5
1040	1029	2000-03-16	1008	1004	1009	3,2,2,2,4
1040	2593	2000-03-15	1019	4000	1006	1,1,1,1,1
1040	6203	2000-03-14	1019	3006	1006	5,4,4,5,4
1040	82	2000-01-12	1008	1004	1002	1,3,2,1,4
1040	5966	2000-01-11	2008	3006	1006	4,4,5,4,4
1040	5337	2000-01-05	1019	2009	1010	5,4,4,5,4
1040	1101	2000-01-03	3018	1004	1014	2,2,2,1,2
1040	1430	1999-12-16	1003	2002	1006	3,3,4,1,3
1040	488	1999-12-13	1003	1002	1005	4,4,2,5,3
1040	2101	1999-12-12	2016	1004	1007	3,4,4,3,5
1040	3345	1999-12-12	1022	1005	1001	4,3,3,3,4
1040	4180	1999-12-12	1008	1002	1014	4,5,2,3,3
1040	6075	1999-12-12	1001	1004	1009	1,2,2,3,1
1040	5488	1999-12-11	4002	1002	1001	4,5,4,4,4
1040	5618	1999-12-11	1003	1002	1005	4,1,2,1,5
1040	1873	1999-11-12	1022	1002	1001	5,4,4,4,2
1040	2662	1999-11-10	1003	2002	1002	4,2,3,3,4
1040	3847	1999-10-28	1004	1002	1016	4,2,5,4,4
1040	487	1999-10-27	1022	4000	1010	2,4,3,3,4
1040	5790	1999-10-27	1019	1002	1001	2,3,3,3,1
1040	3006	1999-10-26	1005	4000	1006	4,3,5,5,5
1040	449	1999-10-26	1001	1002	1001	2,3,4,3,1
1040	3837	1999-10-25	1003	1004	1009	3,4,3,1,2
1040	3899	1999-10-25	3006	1002	1001	5,4,4,4,4
1040	151	1999-10-25	1008	1004	1009	4,2,5,3,5
1043	164	1999-10-26	1003	3001	1006	4,4,3,4,3
1043	3588	1999-10-26	1003	4001	1006	4,4,3,3,3
1044	1574	1999-10-26	2001	1002	1001	5,5,5,5,5
1050	202	2000-01-21	1019	4000	1008	3,4,3,1,3
1050	6335	2000-01-21	1019	1011	1001	4,3,4,3,5
1050	1833	2000-01-19	1019	3010	1006	2,2,1,1,3
1050	1833	2000-01-18	1019	3010	1006	2,2,1,3,1
1050	247	2000-01-18	2028	4000	1011	4,4,4,5,4
1050	6205	1999-12-24	1019	1004	1009	4,4,3,3,4
1050	3784	1999-12-24	1019	4001	1006	4,5,3,4,4
1050	4069	1999-12-15	1003	2004		5,4,4,4,3
1050	1385	1999-12-14	1022	1011	1015	2,2,3,2,4
1050	4137	1999-12-12	1019	1009	1001	5,3,4,4,5
1050	5023	1999-12-11	2008	1004	1012	3,3,3,3,4
1050	2605	1999-12-10	1003	4000	1008	4,4,4,4,3
1050	1756	1999-12-08	1019	1002	1013	4,3,3,3,4
1050	1502	1999-12-07	1012	1002	1001	2,2,1,3,2
1050	2644	1999-12-07	1011	2004	2009	4,4,3,3,3
1050	2806	1999-12-03	1003	4000	1006	4,4,3,4,3
1050	1548	1999-12-02	2029	4000	1003	4,3,3,3,4
1050	5282	1999-12-01	1022	2009	1034	5,4,4,4,3
1050	574	1999-12-01	2002	4001	1003	5,4,3,4,3
1050	1548	1999-12-01	2029	4000	1003	4,3,3,3,4
1050	1441	1999-11-26	2001	1015	1001	4,3,3,3,3
1050	4017	1999-11-26	1003	1004	1009	4,2,2,3,5
1050	1654	1999-11-24	1003	1004	1006	4,3,3,4,4
1050	5189	1999-11-24	1019	1008	1021	4,4,3,3,3
1050	909	1999-11-23	1003	4000	1008	5,4,4,4,3
1050	5376	1999-11-23	1019	1004	1010	5,2,3,3,4
1050	2842	1999-11-22	1019	4000	1006	4,3,3,4,3
1050	402	1999-11-22	2001	1001	1014	5,3,4,4,3
1050	1444	1999-11-19	1019	4000	1006	5,5,4,4,3
1050	4180	1999-11-19	1008	1002	1014	4,3,3,3,3
1050	5301	1999-11-18	2008	2009	1005	4,3,3,3,3
1050	319	1999-11-18	1003	4001	1007	4,3,3,3,4
1050	1939	1999-11-18	1019	3003	1006	4,3,4,3,3
1050	4194	1999-11-17	1022	1002	1001	4,2,3,3,4
1050	2764	1999-11-16	1011	3006	1002	3,3,3,3,3
1050	3274	1999-11-16	1019	4000	1006	4,5,4,4,3
1050	1730	1999-11-15	2011	2001	1011	4,4,4,4,2
1050	1103	1999-11-15	1019	1004	1014	4,2,2,3,3
1050	230	1999-11-15	1004	4000	1008	5,4,4,4,4
1050	5384	1999-11-12	1019	1004	1004	4,2,2,3,4
1050	5624	1999-11-12	1019	2002		4,1,1,2,3
1050	3468	1999-11-11	2008	4000	1006	4,3,3,3,3
1050	1873	1999-11-11	1022	1002	1001	5,5,4,4,2
1050	1855	1999-11-10	1001	1001	1001	5,3,3,3,4
1050	873	1999-11-10	2008	1002	1005	4,3,3,3,3
1050	3461	1999-11-09	1022	1004	1014	4,2,2,3,4
1050	2659	1999-11-09	1002	6000	1006	4,5,3,4,3
1050	4103	1999-11-08	1019	2009	1034	5,3,3,3,2
1050	672	1999-11-05	1022	1010	1001	5,3,3,4,4
1050	2410	1999-11-05	1019	1004	1006	4,3,4,4,3
1050	465	1999-11-05	1019	1010	1001	4,3,2,3,3
1050	389	1999-11-04	1026	1004	1014	5,5,5,5,5
1050	2316	1999-11-04	1019	2001	1019	4,3,3,2,3
1050	210	1999-11-03	1003	3004	1006	5,5,5,5,3
1050	2700	1999-11-03	1019	1002	1001	3,1,1,3,3
1050	2847	1999-11-03	1004	1003	1001	4,3,3,3,4
1050	2800	1999-11-03	1026	4000	1006	4,5,4,5,4
1053	32402	2009-08-28	2020	4000	1006	4,3,3,4,4
1053	15621	2009-08-28	1022	1002	1001	4,3,3,3,5
1053	1829	2000-05-11	1003	3010	1006	3,3,5,4,1
1053	2860	2000-05-08	1003	4000	1006	4,5,5,5,4
1053	1768	2000-03-26	1001	1002	1010	5,3,3,3,5
1053	982	2000-02-13	1019	1002	1001	4,3,3,3,4
1053	713	2000-02-07	1019	3011	1006	5,5,5,5,5
1053	2341	2000-01-15	1019	1004	1012	3,3,3,3,3
1053	1910	1999-12-25	1004	1011	1001	3,3,4,4,2
1053	2422	1999-12-06	1003	2008		4,4,5,5,3
1053	4180	1999-11-18	1008	1002	1014	3,2,2,3,1
1053	5978	1999-11-16	2026	2009	1021	5,4,5,5,4
1053	1103	1999-11-15	1019	1004	1014	5,3,3,3,4
1053	1103	1999-11-15	1019	1004	1014	5,3,3,3,4
1053	5978	1999-11-13	2026	2009	1021	5,4,5,5,4
1053	1507	1999-11-12	1011	6000	1006	5,5,5,5,5
1053	5966	1999-11-08	2008	3006	1006	2,4,5,4,2
1053	119	1999-11-04	1003	4000	1006	4,3,3,4,4
1053	98	1999-11-04	4001	6000	1006	4,3,3,3,3
1053	632	1999-11-04	1017	1002	1001	3,5,3,4,3
1053	2366	1999-11-03	3006	1004	1014	5,3,5,3,4
1053	1804	1999-11-03	1019	1002	1001	3,2,3,3,4
1053	2372	1999-11-03	1002	6000	1032	3,4,3,4,4
1053	398	1999-11-03	1019	2009	1024	4,5,4,5,4
1053	3767	1999-11-03	1022	2009	1034	4,4,4,4,4
1053	1857	1999-11-03	3002	1002	1001	4,2,3,3,4
1053	441	1999-10-31	3006	1002	1001	4,3,2,4,4
1053	5275	1999-10-31	1003	4000	1006	3,4,5,4,4
1053	2366	1999-10-31	3006	1004	1014	5,3,5,4,5
1053	3847	1999-10-31	1004	1002	1016	5,3,4,4,5
1053	3812	1999-10-30	1003	4000	1006	5,5,5,5,5
1054	3712	2000-06-08	1019	3006	1006	4,4,4,4,4
1054	3524	1999-10-30	2008	1002	1011	5,5,5,5,5
1056	986	1999-11-05	1012	1004	1009	4,4,4,3,4
1056	1356	1999-11-01	1012	1002	1001	2,3,3,1,4
1056	82	1999-11-01	1008	1004	1002	3,3,3,2,4
1057	5807	2000-01-14	2010	1004	1009	5,5,5,5,5
1059	41763	2011-02-14	2028	4001	1027	
1059	7303	2000-09-08	1022	4000	1006	4,5,5,4,4
1059	3930	2000-08-11	1022	1002	1001	4,3,4,4,4
1059	477	2000-05-19	1022	2007	1006	3,4,4,4,3
1059	3271	2000-01-15	1022	1002	1001	4,5,5,5,3
1059	1318	1999-12-28	1022	1004	1009	4,3,3,3,4
1059	5448	1999-12-26	1019	1002	1001	5,3,5,4,4
1059	3249	1999-12-22	2008	1010	1001	4,5,4,3,3
1059	3024	1999-12-22	1022	1002	1001	5,5,4,4,5
1059	3670	1999-12-21	1022	4000	1006	3,2,3,3,2
1059	4187	1999-12-20	1022	1002	1001	3,3,3,3,2
1059	5450	1999-12-20	2010	4000	1006	3,3,3,3,3
1059	6066	1999-12-20	2010	1004	1008	3,3,3,3,3
1059	846	1999-12-09	1021	4000	1006	3,4,4,4,3
1059	5450	1999-12-07	2010	4000	1006	3,5,3,3,4
1059	1521	1999-12-01	2010	1004	1007	3,3,3,3,3
1059	6066	1999-11-29	2010	1004	1008	4,4,4,4,4
1059	1203	1999-11-27	4004	1002	1001	4,3,4,4,5
1059	2047	1999-11-22	1021	1002	1001	4,4,4,4,3
1059	319	1999-11-18	1003	4001	1007	2,3,1,2,4
1059	2764	1999-11-16	1011	3006	1002	3,3,1,3,1
1059	2764	1999-11-05	1011	3006	1002	3,3,3,4,2
1061	1139	2000-05-01	2015	1004	1006	3,4,2,4,4
1061	924	2000-02-11	2026	1004	1003	4,3,5,4,4
1061	173	2000-02-10	2026	1002	1011	2,4,4,4,2
1065	5993	2000-05-11	1014	2009	1008	2,3,2,3,2
1065	1804	1999-11-28	1019	1002	1001	5,3,3,3,5
1065	319	1999-11-18	1003	4001	1007	3,3,3,3,5
1065	2841	1999-11-12	2002	3021	4000	4,4,3,4,3
1065	1669	1999-11-08	2004	1004	1007	4,2,3,3,5
1065	437	1999-11-05	1019	1005	1001	4,3,3,2,5
1065	5939	1999-11-05	2008	6000	1011	4,4,4,4,4
1065	1495	1999-11-05	1003	4000	1006	4,4,4,5,3
1065	3431	1999-11-04	1015	1002	1001	3,5,3,3,4
1065	697	1999-11-04	3017	1001	1001	3,4,3,4,3
1066	5304	2000-01-04	1019	1001	1010	4,3,3,3,4
1066	631	1999-12-31	1019	1002	1014	3,3,3,3,3
1066	3587	1999-12-28	2010	2004	1001	4,3,3,3,3
1066	4107	1999-12-27	2010	1004	1015	4,3,3,3,3
1066	363	1999-12-23	1019	1004	1002	3,3,3,3,3
1066	1446	1999-12-20	1019	2009	1034	4,4,4,4,3
1066	1615	1999-12-19	2015	2009	1034	5,3,3,4,4
1066	495	1999-12-17	2010	1002	1001	4,3,3,3,3
1066	5254	1999-12-16	1019	1004	1003	4,3,3,3,4
1066	1430	1999-12-14	1003	2002	1006	4,4,5,3,3
1066	6121	1999-12-13	1022	1004	1004	4,2,3,3,4
1066	2356	1999-12-10	1003	2009	1001	3,3,4,3,3
1066	74	1999-12-10	1003	2009	1034	3,3,1,3,4
1066	1077	1999-12-10	1003	1002	1001	3,4,4,4,3
1066	563	1999-12-10	1003	1004	1009	2,3,3,3,3
1066	6123	1999-12-10	1019	2002		3,3,3,3,4
1066	1536	1999-12-07	1001	1002	1001	4,3,4,3,3
1066	3847	1999-12-06	1004	1002	1016	4,3,3,3,3
1066	3176	1999-12-06	1003	1008	1001	4,4,4,4,3
1066	5229	1999-12-03	1019	2009	1034	4,3,3,4,3
1066	3782	1999-11-30	1003	4001	1006	3,4,4,4,4
1066	4017	1999-11-29	1003	1004	1009	4,3,3,3,4
1066	6058	1999-11-29	1003	1004	1001	4,3,3,3,4
1066	6059	1999-11-29	1019	1004	1014	3,3,3,4,4
1066	5725	1999-11-28	1019	1004	1009	4,3,3,3,5
1066	30	1999-11-27	2008	2009	1034	4,3,3,3,3
1066	1654	1999-11-24	1003	1004	1006	3,3,3,3,4
1066	3872	1999-11-23	1022	1002	1001	4,3,3,3,3
1066	1096	1999-11-22	1003	2009	1021	4,4,4,4,3
1066	385	1999-11-21	1003	1002	1001	3,5,5,5,3
1066	2518	1999-11-21	2008	1002	1001	2,3,3,3,3
1066	1993	1999-11-18	2008	1004	1009	5,3,3,3,4
1066	319	1999-11-18	1003	4001	1007	3,3,3,3,4
1066	3060	1999-11-17	1011	2001	1024	5,4,4,4,3
1066	3905	1999-11-15	1003	4000	1010	3,4,4,4,4
1066	3761	1999-11-15	1003	2009	1021	5,4,4,4,3
1066	1181	1999-11-11	1022	1002	1001	5,3,3,3,3
1066	760	1999-11-09	1003	1002	1009	3,3,3,3,4
1066	5336	1999-11-08	1019	2009	1010	4,4,4,4,4
1066	3580	1999-11-07	1003	2004	1006	3,4,4,3,3
1066	3587	1999-11-07	2010	2004	1001	4,3,3,3,4
1066	2509	1999-11-05	1003	1011	1001	4,3,3,4,4
1066	5400	1999-11-04	1019	1004	1008	4,3,4,4,4
1069	5915	2001-06-21	1022	4000	1006	4,4,5,5,4
1069	23967	2001-05-03	8904	1002		3,2,1,2,4
1069	24149	2001-05-03	8904	1004	1015	1,3,4,3,4
1069	437	1999-11-05	1019	1005	1001	3,4,3,4,4
1072	1684	2000-08-04	1001	1002	1001	4,4,5,4,4
1072	7	2000-05-15	1022	4000	1006	1,1,1,1,1
1072	553	2000-03-28	1019	1002	1005	4,4,2,4,1
1072	264	2000-02-10	1022	4000	1003	2,3,2,3,1
1072	2457	2000-02-03	1022	4000	1006	3,3,1,1,3
1072	6207	2000-02-02	1022	2005	1010	4,4,5,5,3
1072	2532	2000-01-06	1019	1004	1018	2,3,3,2,2
1072	5559	1999-12-30	1001	2001		4,4,4,4,3
1072	1804	1999-12-30	1019	1002	1001	3,3,3,3,3
1072	6016	1999-12-30	2028	1004	1010	4,4,4,4,3
1072	485	1999-12-27	1022	1001	1001	4,5,4,4,2
1072	2467	1999-12-27	3020	1002	1001	4,4,4,4,4
1072	914	1999-12-22	1004	4000	1006	4,3,3,4,5
1072	4144	1999-12-22	1022	1002	1010	4,3,4,4,5
1072	946	1999-12-20	1022	2009	1034	4,4,4,4,4
1072	1691	1999-12-20	1022	2009	1005	2,1,2,1,2
1072	2464	1999-12-13	1019	1002	1005	4,4,3,4,4
1072	1548	1999-12-03	2029	4000	1003	4,3,4,3,5
1073	370	2000-03-25	1022	2004	1009	4,4,3,4,3
1075	3183	2006-06-05	1012	1004	1009	3,3,3,3,3
1075	15702	2006-05-28	1022	2005	1010	2,2,3,3,2
1075	10117	2005-12-30	2008	3033		3,3,3,3,3
1075	14924	2005-12-23	2008	4000	1006	3,3,3,3,3
1075	11175	2005-10-21	1011	4001	1007	3,3,3,3,3
1075	5024	2005-10-18	2008	1004	1007	3,3,2,3,3
1075	14389	2005-10-15	1026	1004	1010	3,3,3,3,3
1075	14485	2005-09-21	2008	2009	1034	3,3,4,3,4
1075	11442	2005-09-08	1004	1001	1004	5,3,5,4,4
1075	3197	2005-08-19	2008	2005	1006	2,2,2,2,3
1075	7849	2005-07-30	1003	1004	1009	3,3,3,3,3
1075	6336	2005-07-15	2008	4000	6000	3,4,3,4,4
1075	11907	2005-06-01	1022	1005	1001	3,3,3,4,4
1075	1432	2005-05-30	1019	2007	1006	4,3,3,3,3
1075	12097	2005-05-26	1019	2009	1034	4,3,3,4,3
1075	13947	2005-05-24	1019	2009	1034	4,3,4,3,3
1075	1868	2005-05-18	1003	1002	1005	4,3,3,3,4
1075	12923	2005-05-18	1019	2009		3,3,4,4,3
1075	9861	2005-05-13	2008	2009		4,3,3,4,4
1075	11442	2005-05-05	1004	1001	1004	5,4,5,4,5
1075	3024	2005-05-03	1022	1002	1001	3,3,4,3,3
1075	13830	2005-04-30	1022	1018	1001	3,4,4,4,2
1075	1601	2005-04-29	2008	2009	1034	4,4,4,5,4
1075	13820	2005-04-28	2008	2009	1034	3,4,3,4,3
1075	13029	2005-04-22	2008	2009	1034	3,3,3,3,3
1075	13788	2005-04-19	2008	2009	1034	4,4,3,4,4
1075	12650	2005-04-15	1022	1004	1009	3,3,4,3,4
1075	4066	2005-04-15	1022	1004	1014	2,2,3,3,3
1075	13742	2005-04-15	2008	3006	1006	3,4,4,4,4
1075	2533	2005-04-08	2008	1002	1001	3,3,3,3,4
1075	12477	2005-04-07	2008	2009	1005	3,3,3,4,3
1075	1966	2005-04-06	1003	1002	1001	3,4,3,4,3
1075	12033	2005-04-06	2008	1011	1001	4,3,4,4,3
1075	1993	2005-04-02	2008	1004	1009	3,3,3,3,3
1075	12803	2005-04-02	2008	1009	1002	3,3,3,3,3
1075	12542	2005-04-02	2008	1004	1016	4,3,3,3,4
1075	12294	2005-04-02	1004	1004	1010	3,3,3,4,4
1075	13657	2005-03-30	2008	2001		3,3,3,3,3
1075	10539	2005-03-29	2008	2009		4,3,3,3,4
1075	8471	2005-03-24	2008	6000	1006	3,3,2,3,4
1075	9748	2005-03-24	2008	1018	1005	3,3,3,3,3
1075	12374	2005-03-24	1003	4000	1018	3,3,4,3,4
1075	544	2005-03-16	2008	2006	1006	4,3,3,3,4
1075	10639	2005-03-13	2008	1011	1005	3,3,3,3,3
1075	13305	2005-03-10	2028	1004	1018	3,3,3,3,4
1075	10692	2005-03-10	2008	1001	1009	3,3,2,3,3
1075	12035	2005-03-08	2008	1004	1002	3,3,3,3,4
1075	11442	2005-03-08	1004	1001	1004	5,4,4,4,5
1075	10974	2005-03-08	2008	4000		2,3,2,3,3
1075	11323	2005-03-01	2008	6000	1006	4,4,3,4,3
1075	12104	2005-02-16	1019	4000	1002	3,3,3,4,3
1075	13417	2005-02-16	2008	2005	1002	2,3,3,3,3
1075	13031	2005-02-16	1019	1002	1005	3,3,3,3,4
1075	13149	2005-02-09	1019	2009	1031	3,3,3,3,3
1075	12358	2005-02-09	1019	1002	1005	4,3,3,3,4
1075	10838	2005-02-07	2008	1011	1005	2,2,3,2,3
1075	11870	2005-02-07	1019	1002	1001	3,4,4,4,3
1075	12663	2005-02-07	2008	2001		3,3,3,4,4
1075	10402	2005-02-04	2008	2009	1007	4,3,3,3,4
1075	10693	2005-02-03	2008	1004	1015	3,3,3,3,3
1075	575	2005-02-01	2008	4001	1003	3,3,4,4,3
1075	873	2005-02-01	2008	1002	1005	3,3,3,3,3
1075	10497	2005-02-01	1019	3006	1021	3,3,3,3,3
1075	6016	2005-01-31	2028	1004	1010	4,3,4,3,4
1075	13277	2005-01-27	2008	3006	1006	4,4,5,5,4
1075	7773	2005-01-24	2015	1008	1005	3,3,3,3,3
1075	6290	2005-01-24	1019	1004	1009	2,3,3,3,1
1075	12915	2005-01-24	2011	1004	1009	2,3,3,3,3
1075	12814	2005-01-24	1008	1004	1009	3,3,3,3,4
1075	13048	2005-01-22	1019	6000	1006	4,3,4,4,4
1075	5888	2005-01-18	2008	2009	1021	3,3,3,3,2
1075	6610	2005-01-18	1019	4000	1003	4,3,3,3,4
1075	11185	2005-01-18	1019	4000	1008	3,4,4,4,3
1075	13080	2005-01-15	2008	2009	1008	3,3,3,3,3
1075	6868	2005-01-15	2004	1004	1010	4,3,3,3,5
1075	10086	2005-01-14	1019	1002	1003	2,2,2,2,3
1075	90	2005-01-12	2028	1004	1009	3,3,3,3,3
1075	10655	2005-01-12	1022	1004	1007	3,3,3,3,2
1075	12585	2005-01-11	2008	2009	1002	4,3,4,3,4
1075	10464	2005-01-11	2008	1002	1001	3,3,4,3,3
1075	13048	2005-01-08	1019	6000	1006	4,3,4,4,3
1075	12368	2005-01-07	2008	1009	1002	3,3,3,3,3
1075	10341	2005-01-07	2008	2009	1031	3,3,3,3,3
1075	5358	2005-01-07	1019	2009	1008	4,4,3,4,4
1075	11321	2005-01-05	2008	2005		4,3,4,3,4
1075	11752	2004-12-29	2008	4000	1008	3,4,3,4,3
1075	12077	2004-12-28	2028	1003	1010	3,2,3,2,4
1075	12184	2004-12-28	2008	2009	1026	3,3,3,3,3
1075	5993	2004-12-28	1014	2009	1008	1,2,3,3,3
1075	10692	2004-12-18	2008	1001	1009	4,3,3,3,4
1075	10991	2004-12-14	1019	4000	1008	1,2,1,3,3
1075	8145	2004-12-13	2008	2006	1019	4,3,4,3,4
1075	12723	2004-12-09	1020	2009	1034	4,3,4,3,4
1075	12479	2004-12-09	1001	4000	1008	3,3,3,3,4
1075	9915	2004-12-07	2008	4000	1006	4,4,5,4,4
1075	11267	2004-12-04	2008	2009	1034	3,3,3,3,3
1075	12093	2004-12-02	2008	4000	1006	3,3,3,4,4
1075	11718	2004-11-28	2008	4000	1003	3,3,4,4,3
1075	12815	2004-11-26	2008	1018	1001	3,4,3,4,3
1075	3823	2004-11-26	1003	1002	1010	3,3,3,3,4
1075	12035	2004-11-25	2008	1004	1002	4,3,4,3,4
1075	3436	2004-11-23	2008	1010	1001	4,4,4,4,4
1075	12797	2004-11-22	1019	1004	1004	4,3,4,3,4
1075	11948	2004-11-21	2005	1004		
1075	12792	2004-11-18	2008	4000	1008	3,4,4,4,3
1075	6327	2004-11-18	1019	1004	1002	4,3,3,3,4
1075	10539	2004-11-15	2008	2009		3,3,3,3,4
1075	2676	2004-11-15	2028	1010	1001	4,3,4,3,4
1075	12184	2004-11-14	2008	2009	1026	3,3,3,4,3
1075	1061	2004-11-14	4003	1004	1006	3,3,4,3,3
1075	1704	2004-11-14	2008	2009	1034	4,3,3,3,3
1075	12781	2004-11-14	2008	4000	1006	3,3,3,4,4
1075	11948	2004-11-13	2005	1004		4,3,4,3,5
1075	11907	2004-11-10	1022	1005	1001	3,3,3,3,3
1075	12419	2004-11-10	2010	1017	1001	4,3,3,3,4
1075	10392	2004-11-09	2008	4000	1023	5,5,5,5,4
1075	3505	2004-11-08	2008	1002	1010	3,2,3,2,4
1075	9735	2004-11-07	1012	1004	1015	4,3,3,3,4
1075	1905	2004-11-07	2008	1002	1001	4,4,4,4,3
1075	1618	2004-11-07	1003	1002	1010	4,3,3,3,3
1075	12380	2004-11-04	2008	2002	2	3,4,3,4,3
1075	12660	2004-11-01	2008	4000	1006	2,2,2,2,2
1075	10788	2004-10-23	2008	1011		2,2,1,2,3
1075	12114	2004-10-20	2008	1002	1001	3,3,4,4,3
1075	11321	2004-10-15	2008	2005		4,3,3,3,4
1075	8605	2004-10-13	1022	1002	1018	2,3,3,3,3
1075	12545	2004-10-13	2008	2005	1006	3,3,4,4,2
1075	11862	2004-10-10	1019	2009	1034	4,3,4,4,3
1075	9820	2004-10-10	4005	1004	1014	4,3,3,3,4
1075	3436	2004-10-09	2008	1010	1001	3,3,3,2,3
1075	12253	2004-10-03	1019	2009	1008	2,4,3,4,1
1075	11321	2004-10-03	2008	2005		5,3,3,4,4
1075	9785	2004-10-02	1019	6000	1008	3,3,4,4,3
1075	10364	2004-10-02	1019	6000	1006	3,4,4,4,3
1075	1908	2004-09-30	2008	1011	1001	3,4,4,4,3
1075	12323	2004-09-30	1019	6000	1006	1,3,2,3,2
1075	10077	2004-09-29	2008	1018	1001	3,3,3,4,3
1075	8111	2004-09-28	1001	4000	1008	5,4,5,4,4
1075	12118	2004-09-26	1012	1009	1006	2,3,3,3,2
1075	10192	2004-09-26	1003	1011	1001	4,4,3,4,5
1075	12114	2004-09-25	2008	1002	1001	4,4,4,5,3
1075	3751	2004-09-18	1012	1004	1009	4,2,2,3,4
1075	1502	2004-09-15	1012	1002	1001	3,4,4,4,2
1075	12334	2004-09-09	2008	6000	1006	4,3,5,4,3
1075	12352	2004-09-09	2004	2004	1002	4,2,4,3,5
1075	12340	2004-09-08	1021	1004	1009	4,3,3,3,5
1075	10399	2004-09-03	1001	1002	2	3,4,3,4,3
1075	11802	2004-08-15	1019	4000	1024	3,4,4,4,3
1075	10812	2004-08-15	1019	1011	1001	4,3,2,4,3
1075	12117	2004-08-08	1012	1004	1009	3,3,3,3,5
1075	814	2004-08-08	2008	1002	1001	4,4,3,4,3
1075	3801	2004-08-08	1022	4001	1003	2,4,4,4,2
1075	12035	2004-08-03	2008	1004	1002	5,3,3,3,4
1075	10742	2004-08-02	1004	1004	1002	3,2,3,3,2
1075	9891	2004-08-01	2008	4001	1022	2,3,4,4,3
1075	10386	2004-07-28	2008	2009	1034	3,4,3,4,3
1075	5191	2004-07-20	2008	4000	1008	3,3,3,3,3
1075	10684	2004-07-13	2008	1001	1001	4,3,3,3,3
1075	10865	2004-07-12	1019	1002		3,4,4,4,4
1075	10348	2004-07-12	1019	1011	1001	3,3,4,4,3
1075	11648	2004-07-10	2008	6000	1011	1,2,2,3,1
1075	10363	2004-07-10	2008	2009	1031	5,3,3,3,3
1075	11323	2004-07-06	2008	6000	1006	4,4,4,5,3
1075	10539	2004-07-05	2008	2009		3,3,3,3,5
1075	9915	2004-07-02	2008	4000	1006	
1075	1877	2004-07-02	1012	2002	1010	2,2,1,2,2
1075	11718	2004-07-01	2008	4000	1003	4,4,5,5,4
1075	11718	2004-06-29	2008	4000	1003	4,4,5,5,4
1075	8533	2004-06-25	1022	1008		3,3,3,3,3
1075	519	2004-06-23	2008	4000	1006	4,4,4,5,3
1075	11451	2004-06-22	1019	4000	1008	4,4,3,5,3
1075	696	2004-06-17	2008	1001	1001	4,4,4,5,3
1075	10812	2004-06-15	1019	1011	1001	3,4,3,4,3
1075	11492	2004-06-12	1022	2009		2,2,1,2,2
1075	8533	2004-06-12	1022	1008		5,3,4,3,1
1075	10641	2004-06-05	2008	4000	1024	2,3,2,3,2
1075	3018	2004-05-27	2008	4001	1003	3,3,2,4,2
1075	2121	2004-05-26	1022	4001	1007	3,3,3,3,3
1075	11013	2004-05-14	1023	1008	1021	3,3,3,3,3
1075	6998	2004-05-08	1019	1004		3,4,3,1,3
1075	10800	2004-05-08	1019	2009		4,4,3,5,3
1075	10742	2004-05-05	1004	1004	1002	3,3,3,3,3
1075	11395	2004-05-01	1019	4000	1024	4,4,3,2,3
1075	2481	2004-04-29	1022	1004	1002	3,3,3,3,4
1075	10204	2004-04-23	1012	4000	1006	2,3,2,3,2
1075	11002	2004-04-23	1019	4000	1010	3,4,3,5,3
1075	10778	2004-04-23	1019	2009	1026	4,3,3,2,5
1075	1569	2004-04-22	1012	1002	1001	3,3,3,4,4
1075	9873	2004-04-21	2013	2009	1034	3,3,3,1,3
1075	3486	2004-04-17	1012	1002	1001	4,4,3,4,4
1075	3086	2004-04-13	1012	1002	1010	5,4,3,4,5
1075	1136	2004-04-07	2008	1002	1010	3,3,3,3,3
1075	10386	2004-04-02	2008	2009	1034	5,4,4,5,3
1075	10523	2004-03-31	1001	4000	1008	3,3,3,3,3
1075	63	2004-03-31	1017	3010	1006	3,3,3,3,3
1075	10639	2004-03-30	2008	1011	1005	4,4,3,4,3
1075	5128	2004-03-30	2008	4000	1008	4,4,4,4,4
1075	10386	2004-03-29	2008	2009	1034	5,4,5,5,3
1075	6976	2004-03-28	2008	1002	1005	3,3,2,3,2
1075	10204	2004-03-28	1012	4000	1006	4,4,3,4,3
1075	9891	2004-03-28	2008	4001	1022	4,4,4,4,4
1075	1136	2004-03-27	2008	1002	1010	4,4,4,4,3
1075	5241	2004-03-27	1003	1004	1007	4,4,3,3,5
1075	3717	2004-03-26	2008	1002	1001	3,4,3,3,3
1075	202	2004-03-25	1019	4000	1008	3,3,4,4,3
1075	6597	2004-03-23	1012	1004	1007	4,4,3,4,5
1075	6203	2004-03-08	1019	3006	1006	5,5,5,5,5
1075	702	2004-02-14	1003	6000	1006	4,3,3,4,3
1075	6336	2004-02-07	2008	4000	6000	4,4,5,4,2
1075	5248	2004-02-06	2008	1004	1007	4,3,3,3,5
1075	1590	2004-02-06	1012	1004	1009	5,4,4,4,5
1075	7559	2004-02-04	2008	1004	1006	4,3,4,4,3
1075	10132	2004-02-04	1019	1008	1001	5,4,3,5,4
1075	7503	2004-02-01	2008	1002	1001	4,3,3,4,3
1075	10995	2004-02-01	1019	4000	1008	5,4,4,5,3
1075	10453	2004-02-01	1003	4000		3,4,5,4,4
1075	9926	2004-02-01	2008	1008	1001	4,3,4,4,4
1075	558	2004-02-01	2008	1004	1009	3,3,3,4,3
1075	10077	2004-02-01	2008	1018	1001	5,5,5,5,5
1075	10991	2004-02-01	1019	4000	1008	4,4,4,5,5
1075	10975	2004-02-01	1001	4000		4,3,3,4,4
1075	2372	2000-02-13	1002	6000	1032	3,4,3,5,2
1075	6335	2000-01-22	1019	1011	1001	5,4,5,5,5
1075	4064	2000-01-09	1019	1011	1005	4,3,3,2,2
1075	465	1999-12-26	1019	1010	1001	3,3,3,4,2
1075	280	1999-11-14	1022	4000	1010	3,3,4,4,2
1075	3384	1999-11-14	1022	4000	1008	5,5,4,5,4
1075	4224	1999-11-07	1019	3006	1006	5,3,4,5,4
1078	5849	1999-11-07	2008	3006	1006	3,2,5,5,4
1080	2371	1999-11-09	1017	2005	1033	5,5,5,5,5
1081	2557	2000-05-11	1003	4000	1006	4,5,5,5,4
1081	6254	2000-05-11	1019	3010	1006	5,3,5,5,4
1081	2860	2000-05-08	1003	4000	1006	5,5,5,5,5
1081	774	2000-02-07	2008	4000	1006	5,5,5,5,4
1081	3847	2000-01-02	1004	1002	1016	5,3,4,3,5
1081	90	1999-11-19	2028	1004	1009	5,2,2,3,4
1081	319	1999-11-18	1003	4001	1007	3,3,3,3,5
1081	2651	1999-11-17	2008	4000	1008	5,5,5,5,5
1081	946	1999-11-09	1022	2009	1034	3,3,3,3,5
1084	3700	2000-06-08	2010	3006	1006	3,3,2,3,2
1090	3285	1999-11-13	1017	1004	1009	4,4,3,5,4
1092	3406	1999-11-14	3018	2009	1034	5,3,4,4,4
1093	3539	1999-12-28	2008	1002	1005	4,4,5,5,4
1093	3163	1999-11-20	1019	1008	1001	4,5,5,5,2
1093	4014	1999-11-20	2020	1008	1001	4,3,2,4,5
1095	6715	2001-09-26	1019	4001	1008	5,5,5,5,4
1095	4064	2000-01-09	1019	1011	1005	4,3,3,3,4
1095	5358	2000-01-09	1019	2009	1008	4,4,4,4,4
1095	1417	2000-01-01	1008	4000	1006	2,4,3,3,1
1095	1101	2000-01-01	3018	1004	1014	5,4,4,5,4
1095	3099	1999-12-14	3015	1011	1001	4,3,3,3,2
1095	384	1999-12-14	2015	3006	1003	4,5,5,5,4
1095	74	1999-12-14	1003	2009	1034	3,4,2,4,3
1095	1536	1999-12-08	1001	1002	1001	5,3,3,4,3
1095	74	1999-12-08	1003	2009	1034	3,4,3,4,4
1095	1370	1999-12-02	1003	1013	1001	5,5,5,5,4
1095	3782	1999-12-02	1003	4001	1006	4,4,3,4,2
1095	567	1999-12-02	1022	1002	1015	2,2,2,3,4
1095	2791	1999-12-02	2015	2009	1008	3,5,4,4,4
1095	567	1999-12-02	1022	1002	1015	2,2,2,3,4
1095	437	1999-11-21	1019	1005	1001	4,3,4,4,5
1095	3787	1999-11-21	2001	4000	1010	4,4,4,4,4
1095	162	1999-11-21	1019	1011	1001	5,5,4,5,3
1095	402	1999-11-21	2001	1001	1014	5,4,4,4,5
1095	1049	1999-11-21	2008	1009	1001	5,5,4,4,4
1095	1873	1999-11-15	1022	1002	1001	5,5,5,5,5
1096	1599	1999-11-15	1022	1002	1001	5,3,3,4,5
1101	23033	2008-08-30	1019	2009	1028	4,4,4,4,3
1101	19033	2008-06-04	1019	2009	1028	4,3,3,3,4
1101	2413	1999-11-17	1003	2009	1019	5,4,5,4,4
1101	1788	1999-11-17	1003	3006	1006	4,4,4,4,5
1101	1702	1999-11-17	1017	2009		4,5,5,4,4
1101	398	1999-11-17	1019	2009	1024	5,4,5,5,3
1106	150	1999-11-19	1019	2009	1005	5,5,5,5,5
1108	5117	1999-11-20	3007	4000	1015	5,5,5,5,5
1109	12675	2006-12-12	2008	1004	1001	
1109	4040	1999-11-27	2024	1004	1007	3,3,3,3,3
1109	544	1999-11-26	2008	2006	1006	4,3,4,4,5
1109	1063	1999-11-25	2008	2009	1005	4,4,4,4,4
1109	5471	1999-11-25	1019	2005		3,3,3,3,3
1109	2659	1999-11-22	1002	6000	1006	4,5,4,4,2
1109	183	1999-11-21	1019	1004	1003	4,3,2,3,3
1109	203	1999-11-20	2008	4000	1008	4,4,5,5,4
1118	10874	2004-03-03	3020	1011	1001	4,4,4,4,5
1121	4040	1999-11-27	2024	1004	1007	1,1,1,1,1
1126	6425	2001-02-26	1019	1002	1001	5,1,4,3,4
1127	587	1999-11-27	2008	3001	1002	4,3,3,4,4
1130	2847	2000-02-11	1004	1003	1001	5,5,5,5,5
1130	5897	2000-02-09	2001	2009	1026	5,5,5,5,5
1130	6038	1999-12-24	2001	1002	1001	1,3,1,3,1
1130	3274	1999-12-14	1019	4000	1006	5,5,5,4,3
1130	3163	1999-12-14	1019	1008	1001	5,5,5,4,3
1130	6148	1999-12-14	1019	4000	1006	3,5,4,4,1
1132	54012	2013-03-20	1019	6000	1003	5,5,5,5,4
1132	11624	2012-08-30	2008	3006	1014	5,5,5,5,5
1132	106782	2012-07-20	2003	4000	1014	4,4,3,4,4
1132	105368	2012-07-19	2003	4000	1027	4,4,4,4,4
1132	24168	2011-07-13	8808	1002	1015	3,2,3,1,1
1132	50792	2011-07-02	2024	6000	1006	4,4,4,4,5
1132	4180	2011-06-28	1008	1002	1014	5,3,4,4,4
1132	13712	2011-06-28	2026	1002	1005	3,5,4,4,1
1132	5966	2001-06-21	2008	3006	1006	3,5,3,3,4
1132	1651	2001-06-21	2002	4000	1006	3,5,1,4,3
1132	4210	2001-06-21	1011	1002	1001	3,5,3,5,1
1132	437	2001-06-21	1019	1005	1001	3,3,3,1,4
1132	3847	2001-06-21	1004	1002	1016	5,2,5,4,1
1132	3041	2001-06-21	2010	6000		3,3,4,4,3
1132	6715	2001-06-21	1019	4001	1008	4,5,4,5,5
1132	2201	2001-06-21	1011	4001	1007	3,3,3,3,3
1132	2364	2001-06-21	1019	1010	1001	3,5,5,5,4
1132	1752	2001-06-21	2008	1011	1001	4,4,4,4,4
1132	6715	2000-05-22	1019	4001	1008	5,5,5,5,5
1132	5993	2000-05-14	1014	2009	1008	3,4,2,3,2
1132	2848	2000-03-29	1022	4000	1032	4,5,5,5,4
1132	1310	2000-03-26	2008	1004	1032	2,4,3,3,3
1132	6356	2000-03-16	2008	2004	1006	5,4,5,4,5
1132	775	2000-03-13	2002	1010	1001	4,3,3,4,2
1132	1887	2000-03-13	2008	1010	1001	4,4,5,4,5
1132	784	2000-03-13	1001	4000	1008	4,4,4,4,5
1132	236	2000-03-13	1003	4000	1008	4,4,4,4,4
1132	202	2000-03-07	1019	4000	1008	3,4,4,3,3
1132	587	2000-02-03	2008	3001	1002	4,4,4,5,4
1132	3249	2000-02-03	2008	1010	1001	4,2,2,3,4
1132	5862	2000-01-30	2008	4000	1010	4,5,5,5,4
1132	2613	2000-01-30	2002	4000	1006	4,4,4,5,4
1132	1651	2000-01-30	2002	4000	1006	4,4,4,5,3
1132	1054	2000-01-04	2010	4000	1008	1,4,2,3,1
1132	205	1999-12-31	1019	1004	1006	5,5,4,5,5
1132	16708	1999-12-26	1019	4000	1006	4,3,4,4,3
1132	279	1999-12-26	2008	4000	1008	4,4,5,4,4
1132	946	1999-12-19	1022	2009	1034	4,5,4,4,4
1132	3524	1999-12-19	2008	1002	1011	4,4,5,4,5
1132	3384	1999-12-13	1022	4000	1008	3,3,3,3,3
1132	1993	1999-12-13	2008	1004	1009	5,3,3,4,4
1132	2778	1999-12-13	3020	1002	1001	3,3,3,3,4
1132	23	1999-12-13	2010	1002	1001	4,5,3,4,4
1132	5624	1999-12-05	1019	2002		3,3,3,2,3
1132	3872	1999-12-05	1022	1002	1001	3,3,4,3,4
1132	5840	1999-12-05	2008	4000	1011	1,4,3,3,2
1132	5174	1999-12-05	2008	4000	1006	3,5,4,3,3
1132	2054	1999-12-05	2012	1002	1001	2,3,2,5,2
1132	1507	1999-11-26	1011	6000	1006	4,5,4,5,5
1132	4101	1999-11-26	3003	1009	1010	5,5,4,5,4
1132	1612	1999-11-26	3003	1002	1001	4,4,4,4,4
1132	1065	1999-11-26	3003	1004	1002	1,2,2,2,2
1132	174	1999-11-26	3003	1004	1002	4,3,4,3,4
1132	437	1999-11-26	1019	1005	1001	4,5,4,4,4
1132	3154	1999-11-26	2008	4001	1010	4,5,4,4,4
1132	267	1999-11-26	1008	4000	1003	5,4,5,5,5
1134	567	1999-11-26	1022	1002	1015	1,1,1,1,2
1144	3154	1999-11-27	2008	4001	1010	4,4,3,5,3
1144	3154	1999-11-27	2008	4001	1010	4,4,3,5,3
1146	2778	1999-11-27	3020	1002	1001	3,3,3,3,4
1152	7333	2000-10-29	2029	4000	1006	4,5,4,5,4
1152	2399	1999-11-28	2008	2009	1034	4,4,4,5,3
1154	1417	1999-11-28	1008	4000	1006	3,5,4,4,1
1154	3254	1999-11-28	2010	4000	1006	1,1,2,2,1
1155	455	2003-05-04	1008	1002	1001	5,5,5,5,5
1155	5142	2003-04-26	3007	2009	1008	4,4,4,4,3
1155	9731	2003-04-26	1008	1002	1005	3,3,3,3,4
1155	4209	2003-04-26	2002	1002	1001	4,4,4,4,4
1155	61	2003-04-26	2002	3006	1006	3,3,4,5,3
1155	3555	2001-01-27	1017	1002	1001	3,3,3,3,1
1155	920	2000-03-04	1011	4000	1006	3,3,2,4,3
1155	920	2000-02-13	1011	4000	1006	2,4,2,4,3
1155	6347	2000-02-09	1019	4000	1006	2,3,1,2,1
1155	433	1999-11-28	1008	1004	1009	4,2,3,3,3
1164	6205	2001-03-10	1019	1004	1009	4,3,3,4,4
1164	7668	2001-02-16	2010	1004	1006	5,3,4,3,4
1164	3763	2001-02-01	2010	2009	1005	1,1,1,1,1
1164	7231	2001-01-11	1026	4000	1006	4,5,5,5,4
1164	940	2000-10-16	2026	2009		1,1,1,1,1
1164	6673	2000-09-17	1003	2009	1021	3,1,2,1,2
1164	7201	2000-09-10	2008	4000	1008	3,4,3,3,5
1164	5200	2000-09-09	3007	4000		4,3,2,3,3
1164	4059	2000-09-08	2002	3010	1006	3,5,4,4,2
1164	7434	2000-09-08	2002	4000	6000	4,4,5,4,3
1164	24047	2000-08-11	8806	2012	1015	5,2,3,3,4
1164	3577	2000-07-20	1019	2004		5,3,5,4,5
1164	5856	2000-07-19	2008	4000	1010	3,3,4,3,4
1164	5315	2000-07-09	2008	1004	1012	4,2,3,1,2
1164	6713	2000-06-26	2008	4000	1006	3,3,1,3,3
1164	6206	2000-06-24	2010	1009	1001	5,3,4,4,5
1164	6998	2000-06-21	1019	1004		5,5,5,5,5
1164	6843	2000-06-18	3007	2009	1021	3,4,3,4,3
1164	6399	2000-06-18	2008	1004	1012	4,2,3,3,4
1164	5989	2000-06-14	1022	2006	1002	5,2,4,3,3
1164	5504	2000-06-14	2008	4000	1010	3,4,3,3,2
1164	2690	2000-06-11	1019	3006	1006	4,3,1,1,4
1164	3701	2000-06-09	2010	3006	1006	2,4,2,4,2
1164	6468	2000-06-07	2008	1004	1012	3,2,3,4,5
1164	1772	2000-06-04	2010	2009	1005	2,4,1,2,2
1164	3221	2000-06-03	1001	2007	1010	4,4,4,4,3
1164	3101	2000-06-03	2026	1011	1001	4,3,4,3,4
1164	5404	2000-06-02	1003	1009	1001	5,3,4,3,3
1164	3202	2000-06-02	1022	1002	1015	5,3,4,4,4
1164	1825	2000-05-25	1003	1002	1010	2,2,4,2,4
1164	6639	2000-05-24	1022	3010	1006	4,5,4,5,4
1164	2690	2000-05-24	1019	3006	1006	3,4,3,2,4
1164	5230	2000-05-16	1003	1004	1010	4,2,4,3,4
1164	45	2000-05-15	2010	2009	1005	2,4,2,4,2
1164	3790	2000-05-09	3012	1002	1001	2,3,2,2,2
1164	3587	2000-05-02	2010	2004	1001	4,2,4,3,3
1164	5609	2000-05-01	1019	2009	1034	4,3,4,3,3
1164	6470	2000-05-01	2008	2009	1021	2,3,4,4,3
1164	3763	2000-04-21	2010	2009	1005	3,3,3,3,4
1164	684	2000-04-18	1003	1004	1007	2,3,3,1,2
1164	5624	2000-04-18	1019	2002		4,2,4,4,4
1164	3226	2000-04-18	2010	2009	1008	1,4,2,3,2
1164	5687	2000-04-17	2008	1002	1015	3,3,3,3,4
1164	2696	2000-04-17	2010	1004	1003	5,3,3,4,4
1164	4180	2000-04-13	1008	1002	1014	3,3,3,3,3
1164	3258	2000-04-13	1010	4000	1006	2,3,3,3,3
1164	6453	2000-04-13	1003	1002	1001	4,3,4,3,4
1164	5714	2000-04-12	1003	1002	1001	3,2,3,2,3
1164	254	2000-03-23	1011	1004	1006	3,3,3,3,2
1164	5241	2000-03-22	1003	1004	1007	3,2,2,2,5
1164	3474	2000-03-08	3007	1004		4,3,3,3,4
1164	5087	2000-03-08	1019	2009	1008	3,4,2,2,3
1164	6419	2000-03-03	2011	4000	1003	5,2,5,4,5
1164	2310	2000-02-26	2011	1004	1009	2,5,2,3,2
1164	2779	2000-01-19	1001	1002	1001	4,5,5,5,4
1164	2818	1999-12-19	2008	1009	1007	4,3,3,3,5
1164	3763	1999-12-17	2010	2009	1005	4,3,3,3,5
1164	5660	1999-11-30	2028	1004	1006	5,3,4,4,5
1175	82	2000-01-11	1008	1004	1002	3,2,2,2,3
1179	68	1999-12-10	2008	4000	1010	3,5,4,4,2
1182	2855	1999-12-02	2002	4000	1006	4,5,5,5,4
1183	5917	2005-10-14	1022	4000	1003	4,4,4,3,3
1184	1090	1999-12-02	1008	1004	1001	1,3,2,3,1
1186	1548	1999-12-02	2029	4000	1003	1,1,1,2,2
1186	1830	1999-12-02	2008	4000	1011	3,3,4,3,3
1186	3270	1999-12-02	2029	2009	1024	5,5,5,5,5
1197	4180	1999-12-03	1008	1002	1014	2,2,2,2,2
1197	4148	1999-12-03	1008	1002	1001	3,3,3,2,1
1197	772	1999-12-03	1008	1002	1001	3,2,2,2,2
1204	3460	1999-12-12	2010	1004	1014	5,5,5,5,5
1204	6124	1999-12-12	2011	1010	1001	5,4,5,5,5
1206	3654	1999-12-04	1019	1002	1001	1,1,1,1,1
1207	12121	2007-11-19	2010	6000	1006	2,4,4,2,1
1207	3711	2000-06-11	1019	3006	1006	4,4,3,4,4
1207	448	1999-12-26	1017	1002	1001	5,3,4,4,3
1207	465	1999-12-26	1019	1010	1001	3,3,1,2,1
1207	1432	1999-12-26	1019	2007	1006	5,3,3,3,3
1207	5210	1999-12-05	1019	1004	1009	4,1,3,3,3
1207	5683	1999-12-05	1019	1004	1015	4,2,2,3,3
1207	5130	1999-12-04	3007	4000	1006	5,5,4,5,3
1207	3465	1999-12-04	1018	2004	1010	5,1,3,1,5
1212	184	2000-05-05	2008	6000	1006	1,1,1,1,1
1212	184	2000-02-29	2008	6000	1006	1,2,3,1,3
1212	184	2000-02-29	2008	6000	1006	1,1,2,2,5
1212	184	1999-12-05	2008	6000	1006	3,3,5,5,5
1216	3847	1999-12-05	1004	1002	1016	4,3,4,3,5
1220	7238	2000-08-10	1014	4000	1003	5,5,5,5,4
1220	1424	2000-02-01	2002	2009	1034	4,4,3,4,3
1220	45	2000-02-01	2010	2009	1005	4,4,4,3,1
1220	5304	1999-12-26	1019	1001	1010	4,3,3,4,4
1220	5376	1999-12-26	1019	1004	1010	4,3,4,4,4
1225	61	1999-12-14	2002	3006	1006	3,5,4,4,3
1225	6047	1999-12-07	2001	2009	1034	4,3,3,4,3
1241	5974	2000-04-01	2003	2009	1008	1,4,1,4,1
1241	1306	1999-12-06	2008	1011	1001	5,5,5,5,3
1245	3260	1999-12-28	1010	3010	1006	5,5,5,5,5
1245	1417	1999-12-07	1008	4000	1006	3,4,2,3,3
1250	3105	1999-12-20	2006	1011	1015	1,1,1,1,1
1250	1024	1999-12-07	2011	1002	1001	1,3,3,3,2
1250	3107	1999-12-07	2022	1011	1001	4,3,3,3,5
1252	3695	1999-12-07	1019	4000	1006	5,3,3,4,3
