4625	6763	2000-06-19	2008	3006	1006	4,4,5,4,4
4626	2641	2000-09-30	1019	4000	1006	4,5,5,5,5
4626	6763	2000-06-29	2008	3006	1006	4,4,2,5,3
4626	2770	2000-06-19	2008	4001	1006	2,4,3,3,1
4630	2668	2002-03-21	1003	1010	1005	5,5,4,3,3
4630	3524	2002-03-03	2008	1002	1011	5,4,5,5,5
4632	2459	2000-10-02	1014	4000	1006	3,2,3,1,4
4632	5993	2000-10-01	1014	2009	1008	3,2,1,3,2
4632	6126	2000-10-01	1014	1004	1006	5,3,5,4,5
4632	24	2000-10-01	1023	1002	1001	4,4,5,5,4
4632	1602	2000-10-01	1023	6000	1021	4,3,2,2,3
4646	6336	2000-06-20	2008	4000	6000	4,5,3,5,2
4661	510	2000-07-12	2015	1004	1007	3,2,1,3,1
4661	7202	2000-07-03	2002	1011	1001	5,5,5,5,4
4661	7121	2000-07-01	1014	1004		5,5,5,5,5
4661	7121	2000-06-27	1014	1004		5,5,5,5,4
4661	510	2000-06-20	2015	1004	1007	5,4,4,5,5
4665	6674	2000-09-11	1023	1011	1001	4,5,4,5,4
4680	7405	2000-08-23	3012	1004	1019	4,5,4,3,2
4680	2593	2000-08-23	1019	4000	1006	4,4,4,3,4
4680	7405	2000-08-08	3012	1004	1019	5,2,4,3,3
4681	16046	2008-02-22	3020	1002	1005	5,4,4,4,5
4681	21489	2008-02-22	2024	1004	1001	4,3,3,3,3
4681	17881	2008-02-22	2010	2009	1021	2,3,2,3,1
4681	11435	2008-02-22	1019	1004	1010	5,3,3,4,4
4681	6554	2000-08-08	1003	1004	1007	4,3,4,3,5
4681	3895	2000-08-08	2015	1002	1001	4,3,4,3,5
4681	4163	2000-07-26	3018	2009	1007	4,4,3,4,4
4681	1436	2000-07-26	1022	6000	1033	4,3,4,3,3
4681	1533	2000-07-25	2026	1002	1001	3,3,3,3,1
4681	3082	2000-07-25	2026	1002	1001	3,3,3,3,3
4681	3086	2000-07-25	1012	1002	1010	5,3,4,3,3
4681	7273	2000-07-25	1012	1004	1010	5,4,3,4,4
4681	482	2000-07-25	2026	1001	1005	5,5,5,4,4
4681	6470	2000-07-25	2008	2009	1021	5,4,4,4,4
4681	5756	2000-07-25	2008	1002	1010	3,3,4,3,5
4681	5559	2000-07-25	1001	2001		5,5,5,5,4
4681	19	2000-07-25	2028	2021	1033	5,5,5,5,5
4681	6075	2000-07-18	1001	1004	1009	5,4,4,4,4
4681	2188	2000-07-13	3007	4001	1007	4,4,4,3,5
4681	1502	2000-07-13	1012	1002	1001	4,5,4,4,4
4681	6344	2000-07-12	2029	2009	1034	3,3,3,3,2
4681	6906	2000-06-30	2024	1002	1011	5,5,5,5,5
4681	509	2000-06-30	3018	4001	1006	3,1,3,3,3
4681	24	2000-06-30	1023	1002	1001	4,4,4,4,4
4681	130	2000-06-30	2008	4000	1006	4,5,4,4,5
4681	6568	2000-06-30	2001	4000	1003	3,3,1,3,2
4681	2452	2000-06-30	3015	4000	1006	2,2,2,3,3
4681	5060	2000-06-30	1019	4000	1010	5,5,5,5,5
4681	74	2000-06-30	1003	2009	1034	2,3,1,3,1
4681	6356	2000-06-30	2008	2004	1006	4,5,5,5,4
4681	7057	2000-06-24	3004	1002	1001	5,4,5,5,5
4681	7057	2000-06-23	3004	1002	1001	4,2,4,3,4
4681	6686	2000-06-22	1001	1010	1001	4,3,4,4,5
4681	431	2000-06-22	1018	1002	1001	2,3,2,2,1
4681	149	2000-06-21	2008	2009	1005	4,3,3,3,1
4692	6012	2000-07-28	2008	3003	1019	3,2,2,2,1
4692	7053	2000-06-24	3004	1004	1008	3,2,5,5,2
4692	7057	2000-06-22	3004	1002	1001	3,3,4,4,4
4701	2818	2000-06-22	2008	1009	1007	3,3,3,3,3
4706	228	2000-06-22	1002	4000	1006	4,5,4,4,2
4706	2855	2000-06-22	2002	4000	1006	3,5,3,4,2
4731	1701	2000-06-24	1019	4000	1006	4,4,4,5,4
4750	24152	2001-01-31	8904	3003		1,1,1,1,1
4750	24152	2000-12-20	8904	3003		2,3,1,4,1
4750	1817	2000-12-13	2029	1002	1001	5,1,5,3,4
4750	7585	2000-11-11	2008	4001	1008	3,4,3,4,3
4750	7538	2000-10-19	2008	3003	1006	2,2,2,5,2
4750	6418	2000-10-17	1003	3006	1006	3,5,4,3,2
4750	6414	2000-09-22	2029	4000	1003	1,4,5,4,1
4750	23761	2000-08-19	8818	1002	1009	1,1,3,3,2
4750	23968	2000-08-14	8801	3003		5,5,5,3,4
4750	2987	2000-08-08	2015	1009	1008	1,3,3,1,1
4750	6012	2000-07-21	2008	3003	1019	1,1,1,1,1
4750	2153	2000-07-20	1003	4001	1007	1,1,1,1,1
4751	6620	2001-03-02	2008	4000	1007	5,4,4,4,4
4751	7708	2001-02-10	2003	4000	1003	3,5,3,5,3
4751	7583	2001-01-03	1003	4000	1006	3,5,5,4,2
4751	2225	2001-01-03	3018	4001	1007	1,3,3,3,1
4751	3991	2000-08-28	2013	1004	1009	4,1,5,2,5
4751	5574	2000-07-12	3006	1004	1001	5,5,5,5,5
4788	6928	2000-06-29	3003	1004	1015	4,4,5,5,5
4790	2711	2000-06-30	2008	3006	1002	2,2,4,1,2
4797	520	2000-07-07	2008	4000	1008	3,4,4,4,3
4801	108100	2013-02-04	1018	1001	1001	
4803	7150	2000-07-01	3008	2009	1009	1,1,1,1,1
4812	771	2000-07-02	2011	1002	1005	2,2,2,1,1
4817	7541	2001-01-09	1019	4000	1006	3,3,1,1,1
4818	97722	2012-05-26	3003	3006	1006	5,4,5,5,5
4818	49985	2011-01-18	3004	1005	1001	3,4,4,4,4
4818	20366	2011-01-10	2008	6000	1010	3,4,3,5,4
4818	9412	2011-01-06	2008	4000	1010	5,4,5,5,5
4818	26575	2011-01-03	3003	4000	1006	3,3,3,4,4
4818	26123	2010-12-08	2028	3006	3010	3,3,5,5,3
4818	38005	2010-11-16	3003	1004	1001	4,4,4,4,4
4818	39763	2010-09-17	2008	2009	1005	3,4,4,5,3
4818	14832	2010-08-28	1022	3033	1006	1,2,2,2,2
4818	39173	2010-03-13	2008	3006	1009	2,1,2,1,2
4818	13662	2010-02-28	2009	4000	1006	2,2,2,2,2
4818	35308	2010-02-24	3003	1002	1005	2,2,1,2,3
4818	39188	2010-01-09	1019	2004	2009	3,2,1,1,1
4818	37018	2009-11-27	1022	1020		4,3,3,3,3
4818	12380	2009-11-27	2008	2002	2	3,3,3,4,3
4818	2529	2009-11-17	1022	1004	1018	3,3,2,3,3
4818	20783	2009-11-14	3003	1004	1009	4,3,4,3,4
4818	18911	2009-11-12	1022	1004	1010	4,4,3,4,3
4818	37804	2009-10-25	2008	6000	1006	3,4,1,5,3
4818	21700	2009-10-14	1022	2002	1010	5,4,3,5,4
4818	31154	2009-09-25	1022	1004	1009	2,4,3,3,3
4818	13822	2009-09-23	1022	1004	1009	1,4,3,3,2
4818	3168	2009-09-22	1022	1004	1009	4,2,4,3,3
4818	7064	2009-09-20	3004	6000	1006	2,2,2,3,3
4818	25717	2009-09-12	2008	6000	1006	4,4,4,5,4
4818	25614	2009-07-28	3003	2009	1005	4,3,4,4,4
4818	26860	2009-06-28	3005	2001		2,2,2,2,2
4818	26575	2009-06-28	3003	4000	1006	2,2,2,1,2
4818	19108	2009-01-18	3018	6000	1011	2,2,2,3,2
4818	14969	2009-01-18	3004	4000	1006	2,3,1,3,3
4818	6170	2009-01-18	3003	4000	4002	5,4,5,4,5
4818	25468	2008-08-30	3005	1004	1041	3,5,3,4,3
4818	15080	2008-08-27	2010	2009	1026	
4818	15435	2008-08-27	2026	4000	1003	3,3,2,4,3
4818	18350	2008-08-27	2026	1004		3,3,3,3,4
4818	25673	2008-08-27	2027	1021		4,4,4,5,3
4818	18084	2007-03-26	3005	1004	1001	4,4,5,3,4
4818	17926	2007-03-26	3005	2009	1026	4,4,4,5,3
4818	15289	2007-03-26	3005	1002	1005	3,4,4,3,4
4818	12741	2007-03-26	3005	2002		2,3,2,4,1
4818	12038	2007-03-25	3005	6000	1006	3,4,3,3,4
4818	12623	2007-03-25	3005	1002	1005	3,3,4,3,3
4818	2966	2007-03-25	3003	1009	1008	
4818	1852	2007-03-25	2008	3010	1006	4,5,5,5,4
4818	15759	2007-03-25	2008	2022	1003	4,4,5,5,4
4818	17409	2007-03-25	1003	4000	1001	4,3,4,5,5
4818	18050	2007-03-25	3003	1004		3,2,1,1,3
4818	14009	2005-09-25	3003	1008	1001	4,3,4,4,3
4818	13393	2005-09-25	3005	4000	1006	3,4,3,3,3
4818	8446	2002-07-19	3005	6000	1006	4,3,3,3,4
4818	8597	2002-07-16	3003	1002	1001	4,4,4,4,4
4818	6251	2002-07-16	3003	2009	1005	5,4,4,4,5
4818	8773	2002-07-16	3003	1002	1005	1,1,1,1,1
4818	19718	2002-07-16	3003	1002	1010	4,3,3,3,4
4818	5155	2002-07-16	2008	4001	1027	4,4,4,5,4
4818	5515	2002-07-16	2008	1004	1007	3,2,3,2,4
4818	9740	2002-07-16	2008	4000	1008	4,4,3,4,4
4818	3542	2002-07-16	3003	1002	1005	5,5,5,5,4
4818	823	2002-07-16	2008	1009	1001	4,3,5,4,4
4818	3419	2002-07-16	2008	4001	1003	5,5,5,5,4
4818	2744	2002-07-16	2008	3006	1002	3,3,3,3,3
4818	536	2002-07-16	2008	1002	1001	4,3,3,3,3
4818	975	2002-07-16	3003	2004	4000	5,4,5,4,4
4818	837	2002-07-16	3003	1002	1001	1,1,1,1,1
4818	331	2002-07-16	2008	1002	1001	3,3,3,4,2
4818	3464	2002-07-15	3005	2004		4,3,3,4,4
4818	2074	2002-07-15	3005	1004	1007	4,4,3,4,4
4818	7707	2002-07-15	3005	2004	1006	5,5,4,4,5
4818	6612	2002-07-15	3003	2008	1033	4,5,4,4,4
4818	888	2002-07-15	3005	4001	1007	3,3,5,4,3
4818	5370	2002-07-15	2008	2002	1010	5,4,5,5,4
4818	1074	2002-07-15	3005	4001	1007	3,5,5,4,4
4818	3924	2002-07-15	3005	4001	1007	4,1,3,4,3
4818	1227	2002-07-15	3005	1004	1007	4,4,4,4,4
4818	7775	2002-07-15	3018	2002	1010	5,4,4,4,4
4818	961	2002-07-15	2019	2002	1010	5,4,4,4,5
4818	8397	2002-07-09	3005	1002	1005	3,4,3,4,5
4818	3631	2002-07-09	3005	1004	1006	4,3,4,4,5
4818	8404	2002-07-09	3005	1002	1001	4,4,5,4,4
4818	7947	2002-07-09	3005	1002	1015	4,3,3,4,4
4818	7396	2002-07-09	3005	1009		4,3,4,4,4
4818	9772	2002-07-09	3005	1004	1001	4,3,5,4,5
4818	7395	2002-07-09	3005	1009		4,3,4,4,4
4818	8405	2002-07-09	3005	1002	1018	4,3,4,5,5
4818	8501	2002-07-09	3005	1002	1005	3,2,3,3,3
4818	1908	2002-06-12	2008	1011	1001	3,4,5,5,3
4818	985	2001-02-26	2008	4000	1007	1,1,1,1,1
4818	6258	2001-01-02	3018	1002	1001	4,3,3,4,4
4818	7600	2001-01-02	2007	1002		3,3,3,3,4
4818	6417	2001-01-02	1004	1004	1009	4,3,4,4,4
4818	1343	2001-01-02	2002	1002	1001	4,4,3,4,4
4818	7562	2001-01-01	3015	2009	1005	4,4,3,4,4
4818	917	2001-01-01	1022	4000	1006	4,4,4,5,4
4818	5849	2000-10-29	2008	3006	1006	5,4,4,5,4
4818	5851	2000-10-29	2008	4000	1006	4,4,5,5,4
4818	2789	2000-10-29	2008	4000	1006	4,5,5,4,4
4818	985	2000-10-29	2008	4000	1007	3,3,4,3,4
4818	23766	2000-08-20	8808	1002		4,4,4,5,4
4818	2836	2000-08-08	3005	1002	1001	5,5,5,5,4
4818	3898	2000-07-22	3005	1002	1001	4,4,3,3,4
4818	1675	2000-07-22	3005	1002	1001	4,4,4,4,4
4818	965	2000-07-22	3005	2004		5,4,5,4,4
4818	6202	2000-07-12	2002	1002	1001	4,4,5,4,5
4818	4045	2000-07-11	2002	1002	1010	3,1,3,5,1
4818	1941	2000-07-11	3007	3003	1006	5,4,5,5,5
4818	3212	2000-07-11	2019	1004	1007	3,2,3,3,4
4818	78	2000-07-11	3003	4000	1006	4,5,3,4,4
4818	1460	2000-07-11	4006	1010	1001	4,4,4,4,3
4818	7047	2000-07-11	3003	1004	1011	4,3,3,3,4
4818	1231	2000-07-11	3007	1004	1007	4,4,3,3,3
4818	2670	2000-07-11	2019	1010	1001	4,3,3,4,4
4818	372	2000-07-11	4006	2002	2004	5,5,4,5,3
4818	474	2000-07-11	3010	3006	1006	4,4,4,4,4
4818	7053	2000-07-09	3004	1004	1008	4,4,4,5,4
4818	7064	2000-07-09	3004	6000	1006	4,5,4,4,4
4818	741	2000-07-09	3005	1004	1007	3,2,3,2,4
4818	707	2000-07-09	3005	2009	1034	5,4,5,4,4
4818	390	2000-07-09	3005	1002	1001	5,4,4,4,5
4818	158	2000-07-09	3005	2009	1007	5,5,4,5,4
4818	1227	2000-07-09	3005	1004	1007	2,4,3,3,3
4818	1665	2000-07-09	3005	1004	1007	4,3,4,4,4
4818	552	2000-07-09	3005	1002	1018	3,4,3,2,4
4818	7042	2000-07-09	3004	1004	1006	4,4,5,4,4
4818	7046	2000-07-09	3004	1004	1006	2,3,3,3,4
4818	7043	2000-07-09	3004	1002	1005	4,4,4,4,4
4818	2073	2000-07-09	3004	1004	1007	3,4,4,4,5
4818	918	2000-07-02	3005	4000	1006	4,5,5,4,5
4818	1780	2000-07-02	3005	4000	1010	4,5,5,4,4
4827	22010	2008-03-16	2008	2009	1034	2,2,2,2,1
4828	5190	2001-01-03	1019	3006	1022	4,4,4,5,5
4828	5096	2000-07-02	2008	3006	1003	5,4,5,5,5
4828	1049	2000-07-02	2008	1009	1001	5,5,5,5,3
4835	7700	2001-06-01	2001	4000	1006	5,4,4,4,3
4835	6061	2000-10-29	3007	2009	1005	4,4,4,5,4
4835	7192	2000-07-03	2001	1002	1009	2,3,2,3,3
4836	116139	2013-06-13	1022	4000	4001	
4836	108464	2013-06-13	1022	2004	1033	
4836	37597	2013-06-13	1022	2009	1034	4,4,4,4,4
4836	47071	2013-06-10	1022	1007	1011	Date of Visit:,Occasion:,Spending per head:,Other Ratings:,4
4836	9002	2003-04-22	1022	2002	1010	
4836	5114	2003-04-14	2008	3010	1006	3,3,3,3,2
4836	1774	2003-01-21	2008	2009	1005	4,3,5,4,3
4836	1085	2003-01-21	2008	4000	1015	3,3,4,4,3
4836	6043	2003-01-21	2001	1001	1001	2,2,2,3,4
4836	1103	2002-11-25	1019	1004	1014	5,2,5,3,3
4836	9868	2002-11-16	1019	2009	1034	5,5,3,4,4
4836	5182	2002-11-11	1019	2009	2	5,4,5,5,3
4836	771	2002-11-11	2011	1002	1005	3,2,2,2,2
4836	8541	2002-11-11	1019	4001	1006	3,4,4,4,3
4836	1941	2002-10-21	3007	3003	1006	3,4,4,4,4
4836	1289	2002-10-21	1013	1002	1001	2,3,5,4,5
4836	7521	2002-10-15	1009	2006	1033	3,3,2,4,4
4836	2464	2002-10-10	1019	1002	1005	3,3,4,4,4
4836	9808	2002-10-09	1022	1004	1001	4,5,5,5,4
4836	8262	2002-10-02	1019	6000	1006	5,5,5,5,5
4836	9716	2002-09-30	1013	4000	1003	4,5,2,5,3
4836	9717	2002-09-30	1013	2009	1005	3,4,3,3,4
4836	9714	2002-09-30	1013	4001	1006	5,5,5,5,5
4836	7537	2002-09-25	2010	6000	1006	1,2,2,3,2
4836	9672	2002-09-16	2005	1011	1007	3,4,5,4,4
4836	6214	2002-09-16	2010	2002	1010	2,3,3,3,2
4836	9660	2002-09-10	1019	3010	1006	2,3,3,3,3
4836	8916	2002-09-10	3018	1002	1005	3,3,3,3,2
4836	8013	2002-09-02	2010	4000	1003	4,3,3,3,4
4836	9810	2002-08-26	3009	6000	1006	1,3,3,3,4
4836	3704	2002-08-26	1022	3006	1006	2,3,5,4,3
4836	3570	2002-08-10	2010	2009	1021	2,4,5,3,3
4836	9720	2002-08-06	2010	6000	1006	3,4,3,3,3
4836	6717	2002-08-06	2008	6000	1021	2,4,3,5,3
4836	3539	2002-08-06	2008	1002	1005	3,3,3,3,3
4836	2873	2002-08-06	1022	6000	1006	4,3,4,4,4
4836	3263	2002-07-29	2008	4000	1006	3,3,4,3,5
4836	9406	2002-07-29	1022	1002	1005	3,4,4,3,2
4836	7708	2002-07-29	2003	4000	1003	4,3,3,3,4
4836	9763	2002-07-29	1019	2009	1034	2,2,3,3,1
4836	9576	2002-07-29	1022	4000	1002	4,5,5,5,4
4836	742	2002-07-29	1022	1004	1007	2,5,4,5,2
4836	9703	2002-06-26	1019	1004	1032	2,3,3,2,1
4836	6293	2002-06-04	1019	4000	1006	3,4,4,5,3
4836	5966	2002-06-03	2008	3006	1006	3,4,4,2,3
4836	5117	2002-06-03	3007	4000	1015	3,4,2,4,4
4836	1103	2002-05-25	1019	1004	1014	3,3,1,3,4
4836	7550	2002-05-25	2008	2009	1026	3,4,3,4,4
4836	3074	2002-05-25	1022	2009	1001	2,4,2,5,2
4836	2685	2002-05-13	3006	3006	1006	3,3,3,4,3
4836	7304	2002-05-08	2015	3006	1006	4,4,3,4,3
4836	1281	2002-05-02	2008	1002	1001	3,4,3,4,4
4836	9046	2002-04-25	2010	2009	1026	4,4,4,4,4
4836	9481	2002-04-15	3007	1002	1005	3,3,4,3,3
4836	5804	2002-04-15	2008	1001		4,3,4,3,5
4836	1632	2002-04-13	3003	1004	1014	4,1,3,3,4
4836	1633	2002-04-13	3003	1004	1014	3,3,3,3,4
4836	3405	2002-04-12	3006	4000	1006	3,2,2,2,3
4836	917	2002-04-08	1022	4000	1006	3,5,4,5,5
4836	849	2002-04-06	2001	2004		2,3,3,3,3
4836	7123	2002-04-01	1023	4000	1006	3,3,4,4,3
4836	7737	2002-03-26	1019	6000	1032	3,3,2,3,3
4836	8353	2002-03-24	3020	1002	1005	3,3,3,3,3
4836	5079	2002-03-21	2008	4000	1027	4,5,3,4,1
4836	5563	2002-03-21	1003	2009	1034	3,3,3,3,2
4836	9717	2002-03-20	1013	2009	1005	3,3,3,3,3
4836	3427	2002-03-12	1019	1002	1001	4,4,3,4,4
4836	389	2002-03-12	1026	1004	1014	4,2,3,3,4
4836	2927	2002-03-07	1004	2004		5,3,4,3,4
4836	2932	2002-03-07	3007	4001	1006	2,3,3,4,2
4836	9698	2002-03-05	1019	2009	1003	2,4,4,4,2
4836	9698	2002-03-05	1019	2009	1003	3,3,4,4,2
4836	9666	2002-02-26	2008	2009	1034	3,2,5,4,5
4836	3753	2002-02-26	3007	1002	1001	4,3,3,3,4
4836	1749	2002-02-26	2015	2009	1034	3,3,3,4,2
4836	8541	2002-02-22	1019	4001	1006	3,4,4,5,4
4836	1084	2002-02-22	1019	4000	1015	4,3,4,4,3
4836	9666	2002-02-22	2008	2009	1034	3,3,4,4,4
4836	4064	2002-01-28	1019	1011	1005	5,4,5,4,3
4836	7270	2002-01-24	1012	1004	1010	3,3,3,3,5
4836	795	2002-01-23	1019	1002	1001	4,4,5,4,3
4836	7778	2002-01-23	2015	1002		1,3,3,3,2
4836	1939	2002-01-23	1019	3003	1006	2,3,3,3,3
4836	3569	2001-11-12	1019	2009	1034	4,5,4,4,3
4836	8964	2001-10-29	1019	2009	1034	4,3,3,3,4
4836	693	2001-10-26	1022	1002	1001	3,4,4,5,3
4836	5669	2001-10-23	2008	2002		3,2,3,2,3
4836	961	2001-10-23	2019	2002	1010	1,3,4,3,1
4836	5687	2001-10-23	2008	1002	1015	3,3,3,3,3
4836	4161	2001-10-16	2010	2009	1005	3,3,3,3,5
4836	1099	2001-10-16	2022	1004	1014	3,4,4,4,3
4836	202	2001-10-16	1019	4000	1008	3,4,4,4,5
4836	2470	2001-10-16	1004	1002	1001	4,3,2,4,4
4836	5816	2001-10-12	2008	2009	1005	3,3,1,3,3
4836	8542	2001-10-08	1019	4000	1006	2,3,3,4,3
4836	3259	2001-10-08	1010	3006	1006	3,4,4,4,4
4836	5442	2001-09-24	1019	1002	1011	3,3,4,3,4
4836	9399	2001-09-17	3012	2002		3,3,3,3,5
4836	9398	2001-09-17	3012	1004	1004	1,3,2,3,2
4836	8457	2001-09-17	3005	2009		3,3,5,4,4
4836	8169	2001-09-17	2010	1002	1005	3,3,2,3,3
4836	7673	2001-09-17	2002	4000	1008	4,4,4,5,3
4836	775	2001-09-17	2002	1010	1001	3,3,2,4,4
4836	4117	2001-09-10	1023	2009	1005	2,3,3,4,3
4836	1852	2001-09-06	2008	3010	1006	5,5,5,5,4
4836	8669	2001-09-06	1019	1009	1001	2,2,1,3,4
4836	7741	2001-09-03	1022	4000	1003	1,3,2,4,1
4836	9080	2001-09-03	1013	4000	1003	3,4,1,4,4
4836	9067	2001-08-31	1022	1002	1010	3,3,1,1,1
4836	7513	2001-08-31	1022	4000	1003	3,4,4,4,3
4836	7415	2001-08-30	1022	1009	1006	4,3,4,4,4
4836	3340	2001-08-29	1022	1002	1002	3,2,3,3,4
4836	6444	2001-08-29	1022	1001	1010	4,3,3,3,4
4836	2561	2001-08-29	1022	4001	1007	4,3,2,4,5
4836	7263	2001-08-29	1022	1004	1009	3,3,4,4,4
4836	7255	2001-08-29	1022	1002	1009	3,3,4,4,3
4836	1607	2001-08-29	1013	2009	1005	3,4,4,5,3
4836	6372	2001-08-29	1013	1004	1009	2,2,3,3,3
4836	3234	2001-08-29	1024	1004	1006	3,4,4,4,4
4836	804	2001-08-28	1019	1002	1001	4,5,5,5,4
4836	3369	2001-08-27	1013	1004	1002	3,3,3,3,4
4836	5168	2001-08-27	1019	4001	1002	5,3,5,5,4
4836	887	2001-08-27	1013	1004	1002	3,3,5,3,4
4836	320	2001-08-27	1013	1002	1014	5,3,5,4,5
4836	804	2001-08-27	1019	1002	1001	4,4,5,4,3
4836	8468	2001-08-27	3005	1004	1009	3,1,4,3,5
4836	317	2001-08-27	1013	1004	1002	3,3,3,4,4
4836	546	2001-08-25	1019	2006	1031	5,5,5,5,5
4836	9047	2001-08-24	1013	1004	1001	4,4,5,5,4
4836	2529	2001-08-24	1022	1004	1018	2,2,2,2,4
4836	4178	2001-08-24	1019	2009	1032	1,2,4,2,1
4836	1084	2001-08-24	1019	4000	1015	2,4,5,5,4
4836	3661	2001-08-24	1019	1001	1001	3,4,4,5,4
4836	5567	2001-08-24	1019	1004	1014	4,2,3,3,4
4836	5384	2001-08-24	1019	1004	1004	4,3,3,3,5
4836	1519	2001-08-24	1013	1004	1009	4,3,3,4,4
4836	964	2001-08-23	1019	1004	1006	3,3,4,3,4
4836	445	2001-08-23	1025	1002	1015	3,3,5,3,4
4836	168	2001-08-23	1019	4000	1006	3,4,4,4,4
4836	7465	2001-08-23	1004	1004	1009	4,3,4,4,3
4836	3272	2001-08-23	1019	4000	1010	3,4,5,5,4
4836	5079	2001-08-23	2008	4000	1027	5,5,5,5,5
4836	295	2001-08-22	2003	3006	1006	3,5,5,5,4
4836	2638	2001-08-22	2008	4000	1006	4,3,4,4,4
4836	6275	2001-08-22	1019	2007	1006	2,4,4,4,3
4836	693	2001-08-22	1022	1002	1001	4,5,5,5,4
4836	8169	2001-08-22	2010	1002	1005	5,4,3,4,4
4836	513	2001-08-22	1019	4000	1008	4,3,3,4,3
4836	781	2001-08-22	2008	1002	1001	4,4,4,5,4
4836	5717	2001-08-22	2008	1004	1005	4,4,4,5,4
4836	6440	2001-08-22	1019	1002	1001	3,3,4,4,4
4836	3851	2001-08-22	1022	1002	1001	4,4,4,5,4
4836	1536	2001-08-22	1001	1002	1001	3,1,3,4,3
4836	5079	2001-08-22	2008	4000	1027	2,5,5,5,3
4836	1548	2001-08-20	2029	4000	1003	1,2,4,3,3
4836	1873	2001-08-20	1022	1002	1001	3,5,4,5,5
4836	228	2001-08-20	1002	4000	1006	4,5,5,5,4
4836	8471	2001-08-20	2008	6000	1006	2,3,3,3,3
4836	5304	2001-08-20	1019	1001	1010	2,3,4,3,4
4836	6225	2001-08-18	2028	2002		3,1,4,1,5
4836	1338	2001-08-17	2010	2009	1005	4,4,2,4,4
4836	6225	2001-08-17	2028	2002		4,3,4,3,5
4836	6123	2001-08-17	1019	2002		3,2,3,3,5
4836	8542	2001-08-14	1019	4000	1006	5,5,5,5,4
4836	437	2001-08-14	1019	1005	1001	4,3,3,4,5
4836	2689	2001-08-13	1019	2002		4,3,3,4,4
4836	2945	2001-08-13	3006	2004	2006	4,5,3,4,4
4836	261	2001-08-08	2001	2004	1009	3,3,3,4,2
4836	925	2001-08-08	1019	1004	1003	4,4,4,4,4
4836	8281	2001-08-07	2003	4001	1008	3,3,5,4,4
4836	3497	2001-08-06	2001	1009	1010	3,4,4,4,5
4836	7303	2001-08-06	1022	4000	1006	4,4,4,4,4
4836	3824	2001-08-06	2001	1002	1001	1,3,2,3,3
4836	3768	2001-08-06	1022	2009	1005	3,3,3,4,5
4836	937	2001-08-01	1022	2009	1026	1,3,4,4,3
4836	737	2001-08-01	3006	1002	1001	5,5,5,3,4
4836	3968	2001-07-31	1019	1004	1015	4,3,4,3,2
4836	172	2001-07-26	1019	1002	1011	3,4,4,5,4
4836	61	2001-07-26	2002	3006	1006	4,4,5,5,4
4836	76	2001-07-26	1019	2001	1019	4,4,4,4,4
4836	5053	2001-07-26	3006	4000	1006	3,4,5,4,2
4836	1753	2001-07-26	1019	1011	1001	3,3,4,4,2
4836	440	2001-07-26	3006	1002	1001	5,3,4,3,4
4836	2366	2001-07-26	3006	1004	1014	5,4,4,4,3
4836	713	2001-07-24	1019	3011	1006	4,5,4,5,4
4836	3125	2001-07-24	1022	1011	1001	3,3,4,4,5
4836	6328	2001-07-24	1019	2006		5,4,3,4,4
4836	1411	2001-07-21	1023	2009	1034	4,4,3,4,4
4836	1001	2001-07-20	1014	1004	1006	3,3,3,3,4
4836	2933	2001-07-20	1023	4001	1006	4,4,5,4,3
4836	1715	2001-07-20	1023	2006	1006	5,5,4,5,4
4836	5997	2001-07-20	1023	4000	1008	2,4,5,5,3
4836	5928	2001-07-20	1023	4001	1002	2,4,4,4,3
4836	6929	2001-07-18	1019	2002		4,3,2,4,4
4836	6337	2001-07-18	1019	1004	1006	3,4,4,4,4
4836	1939	2001-07-17	1019	3003	1006	3,2,3,3,4
4836	5041	2001-07-17	1019	4000	1006	4,4,3,4,4
4836	5146	2001-07-17	1019	4000	1006	4,4,5,5,4
4836	1615	2001-07-17	2015	2009	1034	3,2,2,3,3
4836	5983	2001-07-17	1019	1004	1009	2,4,5,3,3
4836	3391	2001-07-16	2008	1002	1005	1,4,3,4,2
4836	402	2001-07-13	2001	1001	1014	5,3,4,4,4
4836	7656	2001-07-11	1019	4000	1006	4,3,4,5,4
4836	245	2001-07-11	2008	4000	1008	2,2,3,3,1
4836	1337	2001-07-11	1019	4000	1006	4,4,5,4,4
4836	46	2001-07-11	1019	2009	1005	3,4,4,4,4
4836	371	2001-07-11	1019	2002	2004	4,5,4,5,4
4836	1446	2001-07-11	1019	2009	1034	3,4,4,4,2
4836	952	2001-07-11	1019	2001	1019	3,3,4,4,3
4836	1690	2001-07-11	1019	1002	1001	4,5,5,5,5
4836	1635	2001-07-11	1019	2009	1034	4,4,5,5,4
4836	4044	2001-07-11	1019	2004	1006	4,4,3,4,4
4836	7715	2001-07-11	1010	2002	2004	4,5,3,5,4
4836	6472	2001-07-11	1019	1004	1017	2,5,5,5,5
4836	3704	2001-07-11	1022	3006	1006	4,4,4,4,4
4836	6929	2001-07-09	1019	2002		3,2,3,3,4
4836	5683	2001-07-09	1019	1004	1015	5,4,4,4,4
4836	6205	2001-07-09	1019	1004	1009	4,5,4,4,3
4836	7037	2001-07-09	2028	1002	1002	4,4,4,5,3
4836	742	2001-07-09	1022	1004	1007	4,5,5,5,5
4836	8537	2001-07-07	2001	3003	1009	3,3,3,4,3
4836	983	2001-07-07	1019	2004		3,5,5,4,2
4836	6282	2001-07-07	1019	2022	1003	4,5,5,5,4
4836	2927	2001-07-07	1004	2004		5,4,4,4,5
4836	6276	2001-07-07	1019	2009	1001	4,4,5,5,3
4836	3839	2001-07-07	1019	1004	1009	4,3,5,2,4
4836	934	2001-07-07	1022	2009	1026	4,3,4,5,4
4836	35	2001-07-07	2008	2009	1005	2,4,3,4,3
4836	7532	2001-06-29	2008	3010	1006	4,4,5,5,3
4836	8635	2001-06-29	1026	1002	1009	5,2,3,3,5
4836	205	2001-06-29	1019	1004	1006	3,5,5,5,3
4836	1341	2001-06-29	3007	2009	1001	5,4,5,5,5
4836	1185	2001-06-29	1019	1002	1001	5,5,5,5,4
4836	8016	2001-06-29	1019	4000	1003	4,4,4,4,4
4836	1049	2001-06-29	2008	1009	1001	3,2,3,3,3
4836	5282	2001-06-29	1022	2009	1034	5,4,4,5,5
4836	4118	2001-06-29	1022	1002	1001	4,3,4,4,5
4836	632	2001-06-29	1017	1002	1001	5,4,4,4,3
4836	7621	2001-06-29	2022	3006		4,5,5,5,4
4836	5624	2001-06-29	1019	2002		4,3,3,4,4
4836	6352	2001-06-28	1014	1004	1002	4,2,3,4,5
4836	7866	2001-06-28	1019	3006	1006	3,3,4,5,4
4842	5222	2000-07-05	2008	1011	1001	4,5,4,4,4
4842	1700	2000-07-05	2008	4000	1006	4,5,3,4,4
4842	6403	2000-07-05	2008	1004	1009	4,4,5,3,3
4842	487	2000-07-05	1022	4000	1010	3,4,5,3,5
4842	3756	2000-07-05	2008	3006	1006	5,5,5,5,5
4842	5101	2000-07-03	2008	4000	1010	2,3,2,1,3
4842	6715	2000-07-03	1019	4001	1008	3,4,3,3,2
4842	162	2000-07-03	1019	1011	1001	4,5,4,5,2
4843	6293	2000-10-01	1019	4000	1006	5,5,5,5,5
4858	3263	2000-07-05	2008	4000	1006	4,3,3,4,3
4872	1181	2002-01-16	1022	1002	1001	5,3,4,3,2
4876	9367	2013-02-05	2026	1002	1005	3,2,2,2,2
4883	7541	2001-01-06	1019	4000	1006	3,3,2,4,1
4892	1280	2010-10-15	2004	1002	1001	4,3,1,3,4
4895	5180	2002-07-12	1003	4000	1003	1,5,5,5,1
4895	9699	2002-02-28	1019	2009	1015	4,3,3,3,3
4895	9698	2002-02-28	1019	2009	1003	5,3,3,3,3
4895	3570	2002-01-01	2010	2009	1021	3,4,4,4,2
4895	9347	2002-01-01	3018	6000	1003	2,4,2,3,2
4895	6205	2002-01-01	1019	1004	1009	3,4,3,4,3
4895	917	2001-12-27	1022	4000	1006	3,3,3,3,3
4895	6206	2001-12-27	2010	1009	1001	2,3,3,3,1
4895	5182	2001-12-26	1019	2009	2	4,4,4,4,3
4895	9228	2001-12-26	3018	4000	1003	3,4,2,4,3
4895	7369	2001-12-26	2008	4000	1006	2,4,2,4,2
4895	7369	2001-12-26	2008	4000	1006	2,4,2,4,2
4895	5201	2001-12-26	1003	4000	1006	4,4,3,4,4
4895	3734	2001-11-16	2001	1002	1001	3,3,3,2,4
4895	5096	2001-11-14	2008	3006	1003	3,3,1,2,2
4895	3250	2001-11-13	2008	1002	1001	4,5,5,5,3
4895	9652	2001-11-13	2008	4000	1003	3,3,3,3,3
4895	7713	2001-11-12	3002	4000	1006	4,4,4,4,4
4895	7579	2001-11-12	2010	1004	1015	1,3,2,3,1
4895	3715	2001-11-12	2008	4001	1003	3,5,4,5,3
4895	8159	2001-11-12	3018	1002	1013	4,4,3,3,5
4895	6343	2001-11-12	3018	1004	1003	1,3,2,3,1
4895	9001	2001-11-12	1019	3006	1006	1,2,3,2,1
4895	1420	2001-11-12	2008	2009	1006	3,4,4,4,3
4895	7767	2001-11-12	1009	4000	1006	2,3,4,3,2
4895	9563	2001-11-12	2008	4001	1002	3,3,4,4,4
4895	8638	2001-11-12	3018	1009		2,3,2,3,2
4895	6393	2001-11-12	2029	4000	1006	3,4,4,4,4
4895	9476	2001-11-12	3018	4001	1007	5,4,3,4,3
4895	2035	2001-09-01	2008	2009	1005	4,3,3,3,4
4895	9069	2001-09-01	2028	2002	1002	2,3,3,3,5
4895	5201	2001-08-31	1003	4000	1006	5,3,4,4,3
4895	7722	2001-08-31	1019	4000	1002	4,3,3,3,3
4895	1413	2001-08-31	2015	2009	1024	3,3,4,3,4
4895	698	2001-08-31	1011	4000	1002	5,5,5,5,5
4895	5180	2001-08-27	1003	4000	1003	2,3,2,2,2
4895	2933	2001-08-27	1023	4001	1006	3,4,4,4,4
4895	6454	2001-08-27	1004	2009	1021	3,3,2,3,2
4895	6412	2001-08-27	1004	3006	4000	4,4,4,4,3
4895	8281	2001-08-27	2003	4001	1008	4,3,4,3,4
4895	7920	2001-08-26	3018	3006	1003	3,3,2,3,3
4895	8137	2001-08-26	3018	4001	1007	4,3,4,3,4
4895	8994	2001-08-26	1015	1002	1005	2,4,3,4,1
4895	15148	2001-07-24	2008	1004	1003	4,4,4,4,4
4895	8796	2001-07-24	2010	2009	1005	3,4,3,4,3
4895	8795	2001-07-24	3018	1011	1001	3,4,3,4,3
4895	8797	2001-07-24	3012	1004	1015	3,1,3,1,3
4895	8801	2001-07-24	3018	1011	1005	2,4,2,4,3
4895	3565	2001-07-22	2001	1004	1014	3,3,3,3,3
4895	3584	2001-07-21	1010	2004		1,4,2,4,1
4895	6393	2001-07-21	2029	4000	1006	3,3,3,3,2
4895	5719	2001-07-21	2008	1002	1001	3,3,3,3,4
4895	781	2001-07-21	2008	1002	1001	4,3,3,3,3
4895	8658	2001-07-21	3012	2004	1010	3,3,3,3,2
4895	1493	2001-07-21	2008	4000	1024	2,4,2,4,1
4895	891	2001-07-21	1003	2009	1034	5,5,5,5,5
4895	5510	2001-07-21	2008	1002	1005	4,5,4,4,4
4895	6530	2001-07-21	2010	1003	1010	4,3,3,3,4
4895	3872	2001-07-21	1022	1002	1001	3,3,2,2,3
4895	5554	2001-07-21	2008	2001	1007	4,3,3,3,4
4895	5041	2001-07-14	1019	4000	1006	1,3,3,3,1
4895	3155	2001-07-14	1019	4001	1006	2,4,2,4,1
4895	6147	2001-07-14	3007	1002	1001	4,5,3,3,3
4895	3784	2001-07-14	1019	4001	1006	3,4,5,4,3
4895	7421	2001-07-14	2008	4001	1006	3,3,3,3,3
4895	8633	2001-07-14	2002	4000	1003	2,4,3,3,2
4895	5152	2001-07-14	1016	4000	1006	3,4,4,3,3
4895	899	2001-07-14	3012	1002	1001	4,4,3,4,3
4895	3222	2001-07-14	2008	4001	1006	2,5,5,4,2
4895	1364	2001-07-14	2008	3010	1003	4,5,5,5,4
4895	6807	2001-06-28	2004	1004	1009	3,3,3,3,3
4895	7897	2001-06-28	2010	1004	1015	4,3,3,3,4
4895	8342	2001-06-28	1023	4000	1003	3,4,4,4,3
4895	1998	2001-06-28	1003	1002	1010	2,3,1,3,1
4895	906	2001-06-28	3008	1002	1001	3,2,2,2,2
4895	6269	2001-06-28	2010	1004	1002	4,3,4,3,4
4895	2020	2001-06-28	1003	4000	1011	3,3,3,3,3
4895	2020	2001-06-26	1003	4000	1011	2,4,2,4,1
4895	8602	2001-06-26	2028	1005	1001	3,3,3,3,3
4895	8603	2001-06-26	3018	6000	1003	3,3,3,3,3
4895	5155	2001-06-26	2008	4001	1027	2,3,3,4,1
4895	5079	2001-06-26	2008	4000	1027	5,5,5,4,3
4895	2690	2001-06-23	1019	3006	1006	4,3,1,3,4
4895	4050	2001-06-18	3020	2001		3,3,4,4,5
4895	3797	2001-06-18	1003	3006	1006	5,4,4,5,5
4895	6337	2001-06-18	1019	1004	1006	3,3,3,3,3
4895	6718	2001-06-18	2008	2002	2004	2,4,4,4,3
4895	3784	2001-06-18	1019	4001	1006	4,4,5,3,3
4895	3873	2001-06-17	1019	1004	1011	3,3,4,3,3
4895	8535	2001-06-17	1011	6000	1006	3,4,4,4,4
4895	5370	2001-06-10	2008	2002	1010	3,3,4,3,3
4895	8531	2001-06-09	1019	3006	1006	3,1,3,2,3
4895	5201	2001-06-09	1003	4000	1006	4,4,3,2,3
4895	8534	2001-06-09	3018	2002	1001	2,2,3,3,3
4895	8532	2001-06-09	3018	1003	1010	3,3,3,3,3
4895	8533	2001-06-09	1022	1008		2,3,3,4,2
4895	1056	2001-06-09	4002	3006	1006	3,2,3,3,2
4895	3800	2001-06-09	2008	2009	1034	4,3,4,3,4
4895	3722	2001-06-09	1015	4000	1006	2,5,3,5,2
4895	544	2001-06-09	2008	2006	1006	3,3,5,4,3
4895	5370	2001-06-09	2008	2002	1010	3,3,4,3,3
4895	1907	2001-05-23	2008	1004	1003	4,3,4,3,4
4895	7552	2001-05-23	1019	3010	1006	3,4,3,4,3
4895	7434	2001-05-23	2002	4000	6000	4,2,4,3,4
4895	1739	2001-05-23	2031	4000		3,2,2,3,3
4895	7122	2001-05-23	1003	4000	1006	2,5,3,4,1
4895	632	2001-05-23	1017	1002	1001	4,4,3,3,2
4895	6275	2001-05-23	1019	2007	1006	3,3,2,2,3
4895	2222	2001-05-07	3018	4001	1007	3,3,3,3,4
4895	4060	2001-05-07	1019	3010	1003	4,4,4,3,3
4895	1818	2001-05-07	3018	1003	1010	4,3,1,3,3
4895	8121	2001-05-04	1003	3010	1006	3,3,3,3,3
4895	517	2001-05-04	2008	4000	1011	3,4,3,3,3
4895	7920	2001-05-04	3018	3006	1003	4,3,4,3,3
4895	7532	2001-05-04	2008	3010	1006	3,4,4,4,4
4895	620	2001-05-04	3018	3010	1007	2,3,2,1,3
4895	1424	2001-05-04	2002	2009	1034	3,3,3,3,3
4895	6071	2001-05-04	1011	2004	1006	4,4,2,4,4
4895	587	2001-05-04	2008	3001	1002	4,4,4,4,4
4895	5907	2001-05-04	3018	2009	1026	3,3,2,3,3
4895	1774	2001-05-04	2008	2009	1005	2,3,3,3,1
4895	7781	2001-05-04	2015	1002	1001	4,3,4,3,2
4895	2417	2001-04-15	3010	1002	1001	4,3,5,4,4
4895	2388	2001-03-15	3002	3003	1006	4,4,3,3,4
4895	4024	2001-03-15	1022	1004	1010	3,3,3,3,2
4895	3771	2001-03-01	1023	1002	1015	3,3,3,3,4
4895	7597	2001-03-01	3018	1011	1001	4,4,3,3,4
4895	7579	2001-02-24	2010	1004	1015	3,3,4,3,4
4895	7550	2001-02-24	2008	2009	1026	2,4,3,3,2
4895	5683	2001-02-24	1019	1004	1015	3,3,3,3,2
4895	3681	2001-02-24	2008	4000	1006	4,4,3,3,3
4895	2388	2001-02-22	3002	3003	1006	3,3,3,3,2
4895	1948	2001-02-22	1019	1027	1003	4,3,3,3,4
4895	6715	2001-02-21	1019	4001	1008	4,4,4,3,4
4895	5080	2001-02-21	1011	4000	1008	2,3,3,3,3
4895	6835	2001-02-20	1019	4000	1006	2,3,3,3,3
4895	5994	2001-02-20	3018	2009	1008	4,4,4,3,3
4895	2573	2001-02-20	2010	4001	1007	2,3,4,3,2
4895	7559	2001-02-20	2008	1004	1006	4,3,2,3,4
4895	598	2001-02-20	1019	3010	1007	1,3,2,3,3
4895	6343	2001-02-20	3018	1004	1003	4,3,2,3,5
4895	1523	2001-02-20	1022	2009	1011	3,4,3,4,3
4895	541	2001-02-19	3018	2002	1010	3,3,3,3,3
4895	952	2001-02-12	1019	2001	1019	3,4,4,4,2
4895	546	2001-02-12	1019	2006	1031	2,3,4,3,3
4895	2174	2001-02-09	2008	4001	1007	5,3,3,3,5
4895	6289	2001-02-05	1019	4000	1003	1,3,1,3,2
4895	6289	2001-02-05	1019	4000	1003	1,3,1,2,2
4895	1423	2001-02-05	1019	1018	1001	3,3,3,3,4
4895	5013	2001-02-04	1019	4000	1006	2,3,3,3,3
4895	1084	2001-02-04	1019	4000	1015	4,4,4,4,3
4895	2639	2001-01-27	1005	3006	1006	4,3,4,4,4
4895	6702	2001-01-27	3006	1004	1014	4,3,3,3,4
4895	3263	2001-01-16	2008	4000	1006	2,3,3,3,3
4895	1771	2001-01-16	2001	1002	1011	4,3,3,3,4
4895	2021	2001-01-15	1003	4000	1003	4,4,4,5,5
4895	6037	2001-01-11	2001	2001	1001	3,3,2,3,3
4895	6037	2001-01-11	2001	2001	1001	4,3,2,3,4
4895	7051	2001-01-11	2010	1004	1008	3,3,3,3,4
4895	7579	2001-01-10	2010	1004	1015	3,4,4,3,4
4895	6665	2001-01-10	3010	6000		3,3,3,3,4
4895	369	2001-01-09	3018	3006	1006	3,4,3,3,3
4895	88	2001-01-08	2008	3010	1006	2,3,2,3,1
4895	203	2001-01-06	2008	4000	1008	3,3,3,3,2
4895	852	2001-01-06	2008	1004		2,3,3,3,3
4895	7592	2001-01-04	1022	1011	1001	4,4,4,4,3
4895	2722	2001-01-04	3010	3006	1002	3,4,3,3,4
4895	1049	2001-01-04	2008	1009	1001	4,3,2,5,3
4895	342	2001-01-04	2004	4000	1006	1,3,1,2,3
4895	1049	2001-01-04	2008	1009	1001	4,3,2,3,4
4895	3997	2001-01-04	2004	1004	1009	4,3,3,2,4
4895	5096	2001-01-03	2008	3006	1003	2,3,3,3,3
4895	2225	2001-01-03	3018	4001	1007	4,4,3,4,5
4895	6344	2001-01-02	2029	2009	1034	3,3,3,3,5
4895	538	2001-01-02	1003	4003	1006	5,3,2,3,3
4895	3974	2001-01-02	1019	4000	1006	4,4,2,3,3
4895	5216	2001-01-02	1003	3021		4,4,4,4,4
4895	7611	2000-12-19	1010	3011	1006	3,5,3,3,3
4895	3262	2000-12-17	3005	3006	3012	3,3,4,3,2
4895	256	2000-12-15	1019	3006	1006	1,4,3,3,2
4895	7603	2000-12-15	1019	4000		1,3,2,3,2
4895	4180	2000-12-15	1008	1002	1014	2,4,3,4,2
4895	309	2000-12-15	1019	1009	1006	1,3,2,3,1
4895	3718	2000-12-14	2008	3004	1006	3,4,3,4,3
4895	6956	2000-12-07	4005	2006	1006	4,4,3,3,3
4895	5452	2000-12-07	2008	1002	1005	4,4,4,4,4
4895	7435	2000-12-04	1019	1004	1017	2,4,3,3,3
4895	6000	2000-12-04	1022	4002	1010	4,4,2,3,2
4895	2693	2000-12-04	1005	2004	1009	4,4,4,3,3
4895	57	2000-12-04	2011	1009	1001	2,2,2,2,3
4895	468	2000-11-30	2013	1004	1014	4,3,3,3,4
4895	5849	2000-11-30	2008	3006	1006	3,4,3,3,4
4895	3139	2000-11-29	1019	2009	1034	3,4,3,3,3
4895	7557	2000-11-29	1019	1011	1001	2,1,2,1,3
4895	658	2000-11-27	3018	4001	1002	4,3,4,3,4
4895	6719	2000-11-27	2008	4000	1006	3,5,4,4,1
4895	598	2000-11-27	1019	3010	1007	4,2,4,2,3
4895	5151	2000-11-27	1019	4000	1006	2,3,3,3,2
4895	6701	2000-11-27	2008	4001	1019	4,5,3,4,4
4895	2691	2000-11-26	1011	3010	1006	2,4,2,5,1
4895	7334	2000-11-16	1021	3006	1006	4,4,3,4,3
4895	5017	2000-11-16	1019	2009	1021	2,3,2,3,2
4895	6328	2000-11-16	1019	2006		3,5,4,3,3
4895	2659	2000-11-16	1002	6000	1006	3,5,4,4,3
4895	61	2000-10-25	2002	3006	1006	3,3,2,4,4
4895	587	2000-10-12	2008	3001	1002	4,4,4,4,3
4895	5998	2000-10-12	1003	2008	1006	4,4,4,4,4
4895	2696	2000-10-12	2010	1004	1003	2,3,3,3,4
4895	583	2000-10-12	3010	3010	1006	3,3,3,3,2
4895	2510	2000-10-12	2008	2009	1011	2,3,2,3,1
4895	5556	2000-10-12	1019	2001	1031	5,3,3,3,5
4895	1349	2000-10-12	2016	1001	1001	4,3,3,3,3
4895	1336	2000-10-12	1022	1002	1001	3,2,2,3,3
4895	2032	2000-10-12	2008	2009	1034	5,5,5,5,5
4895	6632	2000-10-04	2002	4000	1008	4,4,2,3,3
4895	1431	2000-10-04	1019	2007	1006	2,1,1,1,1
4895	1140	2000-10-04	1022	4000	1010	1,4,2,2,1
4895	524	2000-10-04	2008	4000	1006	4,4,4,3,4
4895	3226	2000-10-03	2010	2009	1008	2,4,4,3,2
4895	6416	2000-10-03	2010	1004	1002	4,3,3,3,5
4895	7546	2000-10-02	2010	1004	1002	2,3,3,3,3
4895	6675	2000-10-02	2010	1009	1015	4,3,3,3,4
4895	51	2000-10-02	1019	3006	1006	4,4,2,3,4
4895	2695	2000-10-02	2010	1004	1003	5,3,3,3,5
4895	2613	2000-10-02	2002	4000	1006	1,4,3,3,2
4895	80	2000-10-02	1003	2006	1033	3,4,2,3,2
4895	533	2000-10-02	1019	3006	1008	2,3,2,3,1
4895	2690	2000-09-26	1019	3006	1006	3,3,2,3,4
4895	3702	2000-09-23	3018	3006	1006	3,4,3,3,3
4895	7494	2000-09-23	1003	4000	1008	4,4,3,4,3
4895	729	2000-09-23	1019	4001	1006	2,3,4,3,2
4895	2937	2000-09-23	2011	2009	1010	1,2,2,2,1
4895	3461	2000-09-23	1022	1004	1014	3,3,3,3,3
4895	2674	2000-09-23	3018	1010	1001	3,2,3,2,4
4895	5116	2000-09-23	1003	4000	1007	2,3,3,3,3
4895	574	2000-09-18	2002	4001	1003	3,3,2,3,2
4895	7400	2000-09-18	1019	1011	1005	4,4,4,3,3
4895	372	2000-09-16	4006	2002	2004	4,4,2,3,3
4895	3461	2000-09-16	1022	1004	1014	3,3,3,3,4
4895	6632	2000-09-16	2002	4000	1008	2,4,2,3,1
4895	1101	2000-09-16	3018	1004	1014	1,3,1,2,1
4895	1368	2000-09-16	1022	1004	1014	4,3,2,3,3
4895	6835	2000-09-11	1019	4000	1006	3,3,3,3,3
4895	2342	2000-09-03	3018	2002		2,1,3,1,4
4895	6715	2000-09-03	1019	4001	1008	4,3,3,3,3
4895	6715	2000-09-03	1019	4001	1008	4,3,3,3,3
4895	1009	2000-09-02	2008	1001	1005	4,4,4,4,3
4895	474	2000-09-02	3010	3006	1006	3,4,3,3,3
4895	713	2000-09-02	1019	3011	1006	3,4,2,3,1
4895	3104	2000-09-01	1019	1011	1010	3,2,3,2,4
4895	2571	2000-09-01	3007	4001	1007	4,3,3,2,3
4895	5114	2000-09-01	2008	3010	1006	4,3,3,3,3
4895	5238	2000-09-01	2010	1004	1014	2,3,2,3,3
4895	5093	2000-09-01	2029	4000	1015	3,4,3,3,3
4895	3269	2000-09-01	1003	3012	1010	4,4,1,3,3
4895	5200	2000-09-01	3007	4000		3,3,3,3,2
4895	545	2000-09-01	3010	2006	5	4,3,4,2,4
4895	1996	2000-09-01	3002	1002	1001	2,3,2,3,1
4895	2945	2000-08-31	3006	2004	2006	2,2,2,3,3
4895	6715	2000-08-31	1019	4001	1008	4,3,3,3,4
4895	6636	2000-08-27	1019	4000	1003	3,3,2,3,1
4895	6343	2000-08-27	3018	1004	1003	4,3,2,3,4
4895	5126	2000-08-27	3007	4000	1003	3,3,3,3,4
4895	5095	2000-08-27	3007	3006	1003	2,3,2,3,1
4895	2422	2000-08-25	1003	2008		3,3,2,3,3
4895	5103	2000-08-22	1003	3011	1006	4,3,3,4,3
4895	6208	2000-08-21	1022	2009	1024	4,3,4,3,3
4895	3871	2000-08-20	1022	1011	1001	4,3,3,3,3
4895	1417	2000-08-19	1008	4000	1006	3,4,4,3,3
4895	1475	2000-08-19	2008	3009	1006	2,2,1,3,2
4895	5213	2000-08-19	2008	2001	1019	3,2,3,2,3
4895	698	2000-08-19	1011	4000	1002	3,3,2,3,3
4895	2511	2000-08-19	2008	2009	1011	3,3,2,4,4
4895	907	2000-08-15	2008	2001		2,3,2,3,1
4895	5999	2000-08-15	1003	3006	1006	3,3,2,3,3
4895	1789	2000-08-15	1019	4002	1006	4,4,3,3,2
4895	6793	2000-08-15	3007	2009	1021	3,4,3,3,4
4895	2932	2000-08-12	3007	4001	1006	3,4,4,3,2
4895	2334	2000-08-10	2028	4000	1010	2,4,3,3,3
4895	91	2000-08-10	2008	4000	1006	3,4,4,4,3
4895	737	2000-08-09	3006	1002	1001	3,3,2,3,2
4895	737	2000-08-09	3006	1002	1001	3,3,2,3,2
4895	2366	2000-08-09	3006	1004	1014	3,4,3,3,3
4895	737	2000-08-08	3006	1002	1001	3,3,3,2,2
4895	5363	2000-08-08	2028	1002	1001	3,3,2,3,1
4895	90	2000-08-08	2028	1004	1009	4,2,2,3,3
4895	139	2000-08-08	2010	2009	1015	4,3,3,3,5
4895	5915	2000-08-08	1022	4000	1006	4,4,2,3,2
4895	2624	2000-08-08	1022	1004	1003	2,3,1,3,2
4895	2529	2000-08-08	1022	1004	1018	3,3,2,3,2
4895	5533	2000-08-08	1019	1002	1018	3,3,3,3,3
4895	5076	2000-08-08	3007	4000	1014	4,3,2,3,3
4895	3266	2000-08-08	1011	4000	1006	4,4,3,4,4
4895	5820	2000-08-08	3007	1004		1,3,1,3,2
4895	2360	2000-08-07	1019	2009	1007	4,3,3,3,3
4895	5499	2000-08-06	2028	1004		5,3,3,3,5
4895	10146	2000-08-06	2008	6000	1011	4,4,3,4,3
4895	6218	2000-08-05	3018	2022	1003	2,4,4,3,3
4895	3420	2000-08-03	1010	3010	1006	4,5,4,3,2
4895	5996	2000-08-03	3018	2009	1008	3,3,3,3,2
4895	6675	2000-08-03	2010	1009	1015	4,2,3,3,4
4895	3974	2000-08-03	1019	4000	1006	3,4,3,4,3
4895	2624	2000-08-03	1022	1004	1003	2,3,2,3,2
4895	1227	2000-08-03	3005	1004	1007	3,3,2,3,3
4895	2624	2000-08-03	1022	1004	1003	2,3,1,3,2
4895	754	2000-08-02	1019	3006	1006	3,4,5,3,3
4895	1548	2000-08-02	2029	4000	1003	1,2,2,2,2
4895	6368	2000-08-02	1019	4000	1008	4,4,2,3,3
4895	2377	2000-08-02	2010	1004	1015	2,3,3,3,2
4895	1548	2000-08-01	2029	4000	1003	5,5,5,5,5
4895	1579	2000-08-01	1022	1002	1002	4,3,3,3,4
4895	3259	2000-08-01	1010	3006	1006	2,3,2,3,3
4895	4163	2000-08-01	3018	2009	1007	3,3,2,3,4
4895	260	2000-08-01	2001	1004		4,2,3,3,3
4895	2634	2000-08-01	2008	4000	1003	3,4,3,3,2
4895	2843	2000-08-01	1019	4000	1006	4,4,3,4,2
4895	5422	2000-08-01	3007	1004	1003	4,3,4,3,4
4895	6035	2000-08-01	2001	1004	1015	5,3,2,3,5
4895	3770	2000-08-01	3007	1002	1015	4,3,3,3,4
4895	774	2000-08-01	2008	4000	1006	2,5,3,4,2
4895	2770	2000-08-01	2008	4001	1006	4,5,3,4,3
4895	1534	2000-08-01	3018	1002	1001	3,2,2,3,2
4895	1188	2000-08-01	2008	2004	1006	3,2,3,3,2
4895	6016	2000-08-01	2028	1004	1010	3,1,1,1,1
4895	5219	2000-08-01	3007	4001	1008	1,4,3,3,3
4895	3717	2000-07-31	2008	1002	1001	2,3,1,3,2
4895	2086	2000-07-31	3007	4000	1003	3,3,3,4,4
4895	1049	2000-07-31	2008	1009	1001	3,4,3,3,2
4895	6288	2000-07-31	1019	6000	1006	2,3,2,3,1
4895	5275	2000-07-31	1003	4000	1006	3,4,3,4,3
4895	1966	2000-07-30	1003	1002	1001	4,4,3,3,3
4895	63	2000-07-30	1017	3010	1006	4,5,5,5,4
4895	946	2000-07-30	1022	2009	1034	2,3,2,3,4
4895	1364	2000-07-30	2008	3010	1003	3,5,4,5,3
4895	3075	2000-07-30	3003	2006	1033	3,3,3,3,3
4895	4066	2000-07-30	1022	1004	1014	4,3,3,4,4
4895	1105	2000-07-30	1019	1004	1014	4,3,3,3,4
4895	181	2000-07-29	1022	1004	1003	4,3,2,4,4
4895	3461	2000-07-29	1022	1004	1014	3,3,3,4,4
4895	753	2000-07-29	1019	1002	1001	5,5,5,5,5
4895	1484	2000-07-29	1017	1002	1001	4,4,3,4,3
4895	5151	2000-07-29	1019	4000	1006	3,3,2,3,3
4895	2046	2000-07-29	3018	1002	1001	4,3,3,3,3
4895	3461	2000-07-29	1022	1004	1014	5,5,5,5,5
4895	1181	2000-07-29	1022	1002	1001	4,3,3,3,3
4895	3394	2000-07-29	1022	1002	1005	3,3,2,4,4
4895	4203	2000-07-28	1003	1002	1001	4,4,3,4,3
4895	3468	2000-07-24	2008	4000	1006	3,4,3,4,3
4895	5339	2000-07-24	2008	2007		3,4,4,4,4
4895	1615	2000-07-24	2015	2009	1034	1,3,2,1,1
4895	891	2000-07-23	1003	2009	1034	5,5,4,5,5
4895	5809	2000-07-23	4002	6000	1011	2,4,2,3,1
4895	2613	2000-07-23	2002	4000	1006	3,5,4,5,4
4895	1651	2000-07-23	2002	4000	1006	1,3,2,3,2
4895	3666	2000-07-18	2008	4000	6000	3,4,3,5,3
4895	3274	2000-07-16	1019	4000	1006	4,3,3,5,4
4895	3080	2000-07-10	3010	1002	1001	1,3,1,2,1
4895	2354	2000-07-10	3010	1004	1006	5,5,5,5,4
4895	5126	2000-07-10	3007	4000	1003	5,4,1,4,5
4895	2417	2000-07-10	3010	1002	1001	4,3,4,3,4
4895	1549	2000-07-06	1022	1004	1009	4,3,2,3,3
4895	6161	2000-07-06	1022	4000	1006	4,5,4,5,3
4895	2938	2000-07-06	2008	3006	1011	3,4,4,5,2
4895	1713	2000-07-06	3007	2006	1006	4,4,3,4,5
4895	6715	2000-07-06	1019	4001	1008	4,3,4,4,3
4916	10888	2009-06-27	2019	2002		4,3,3,3,5
4916	8846	2009-04-19	3017	1004	1007	5,4,5,4,5
4916	27088	2009-04-19	3017	1001	1005	
4916	10620	2008-07-07	1003	4000	1008	5,5,4,4,3
4916	10116	2007-08-09	2008	2002	2004	4,4,3,4,4
4916	2615	2004-07-23	2004	1004	1009	3,4,5,3,5
4916	10240	2004-07-23	2008	2009	1021	3,2,4,5,2
4916	3949	2004-07-13	2020	1004	1002	4,2,4,3,5
4916	11312	2004-07-13	3020	2009		5,5,5,5,4
4916	1868	2003-08-13	1003	1002	1005	5,4,5,3,5
4916	7418	2003-08-13	1003	3006	1022	5,4,5,5,5
4916	697	2003-08-13	3017	1001	1001	5,5,5,4,4
4916	1484	2003-08-13	1017	1002	1001	4,5,1,5,3
4916	1461	2003-08-13	3017	1002	1001	4,5,3,5,2
4978	10091	2003-06-02	1017	4000	1003	5,5,4,5,5
4978	2255	2001-05-13	3019	4001	1007	3,3,3,3,4
4978	6632	2001-05-13	2002	4000	1008	4,4,4,4,4
4978	5996	2001-05-04	3018	2009	1008	4,4,3,4,3
4978	2676	2001-05-04	2028	1010	1001	5,4,5,4,5
4978	7516	2001-05-04	1010	4000	1008	4,3,4,3,4
4978	5219	2001-05-04	3007	4001	1008	3,4,3,3,3
4978	6715	2001-05-04	1019	4001	1008	5,3,4,4,3
4978	5117	2001-05-03	3007	4000	1015	4,4,3,4,4
4978	3460	2000-08-26	2010	1004	1014	4,3,3,4,5
4978	3599	2000-08-26	2008	4000	6000	5,5,5,5,5
4978	4134	2000-07-31	2011	1004	1009	5,3,4,4,5
4978	6012	2000-07-31	2008	3003	1019	3,4,4,4,2
4978	1110	2000-07-09	3018	1002	1001	3,3,2,4,3
4978	3700	2000-07-09	2010	3006	1006	5,5,4,4,4
4978	595	2000-07-09	3015	3010	1006	4,3,4,3,5
4978	3392	2000-07-09	2008	1002	1005	5,4,4,5,4
4978	499	2000-07-09	1004	4000		3,4,5,4,5
4978	1548	2000-07-08	2029	4000	1003	4,3,3,2,5
4978	1085	2000-07-08	2008	4000	1015	5,4,4,5,4
4988	5015	2000-07-08	2008	4000	1006	1,1,1,1,1
4988	3393	2000-07-08	1003	1002	1005	4,5,5,5,2
4993	6862	2000-07-09	3003	2004	1018	3,5,4,4,3
4996	3460	2000-08-24	2010	1004	1014	4,3,3,1,3
4996	4166	2000-07-29	2008	2009	1007	4,2,3,3,4
4996	6359	2000-07-29	3007	6000	1006	2,3,2,3,2
4996	2115	2000-07-29	3007	1002	1005	4,3,4,3,2
4996	6012	2000-07-22	2008	3003	1019	3,2,3,2,1
4996	4134	2000-07-22	2011	1004	1009	5,3,3,3,4
5020	2619	2000-07-23	1019	1001	1001	5,5,1,5,5
5020	916	2000-07-23	2004	1002	1001	3,3,1,4,3
5020	991	2000-07-22	2026	1004	1006	4,5,5,4,3
5023	535	2000-08-28	2008	4000	1011	2,4,4,3,1
5023	542	2000-07-09	2010	2006	1022	4,3,3,3,3
5023	1078	2000-07-09	3001	1004	1009	4,2,3,2,4
5023	29	2000-07-09	2008	2009	1034	4,4,4,4,3
5023	402	2000-07-09	2001	1001	1014	4,3,5,4,3
5023	295	2000-07-09	2003	3006	1006	3,5,4,4,1
5023	6641	2000-07-09	3001	2006		3,3,3,3,4
5023	334	2000-07-09	2008	4000	1017	4,4,3,4,4
5024	8669	2001-07-22	1019	1009	1001	3,3,4,3,3
5024	3847	2001-07-22	1004	1002	1016	4,3,3,3,3
5024	6223	2001-07-04	2028	1011	1001	1,3,3,3,1
5024	5666	2001-06-19	2008	1004	1009	3,3,3,3,4
5024	5496	2001-06-18	2008	1004	1009	2,3,3,3,3
5024	8471	2001-06-16	2008	6000	1006	2,4,3,3,3
5024	3524	2001-06-14	2008	1002	1011	3,3,3,3,4
5024	4166	2001-06-14	2008	2009	1007	2,3,2,3,3
5024	3085	2001-06-14	2028	1002	1001	3,3,3,3,3
5024	1444	2001-06-12	1019	4000	1006	4,4,4,4,3
5024	3070	2001-06-12	1004	1004	1006	3,3,3,5,3
5024	6141	2001-06-12	1014	1002	1001	3,3,3,3,3
5024	5454	2001-06-07	2008	4000	1006	2,2,2,2,3
5024	836	2001-06-06	1019	1002	1001	4,4,3,4,3
5024	6692	2001-06-06	1022	2009		4,4,4,5,3
5024	7483	2001-06-06	1019	1009	1012	3,4,5,4,3
5024	6025	2001-06-06	2028	1010	1001	2,3,3,2,2
5024	2353	2001-05-24	1004	1004	1002	3,3,3,3,3
5024	7606	2001-05-24	1004	1004		3,4,4,4,3
5024	6454	2001-05-24	1004	2009	1021	2,2,3,3,1
5024	7373	2001-05-08	1014	1004	1001	3,3,3,3,4
5024	7610	2001-05-08	1014	2004	1033	3,4,4,4,3
5024	8004	2001-05-08	1014	1002	1001	4,4,4,5,3
5024	6026	2001-04-30	2028	1004	1002	3,4,3,4,4
5024	7598	2001-04-30	2028	2006		4,5,3,3,3
5024	6090	2001-04-30	2028	4000	1003	3,4,4,5,4
5024	1733	2001-04-30	2011	1002	1009	2,2,2,3,2
5024	577	2001-04-30	2028	1004	1014	3,2,3,3,3
5024	2381	2000-07-13	2010	1002	1016	4,3,3,3,3
5024	7037	2000-07-13	2028	1002	1002	2,4,3,3,2
5024	3795	2000-07-13	2011	1002	1014	5,3,5,5,5
5024	2310	2000-07-13	2011	1004	1009	3,3,3,3,3
5024	19	2000-07-13	2028	2021	1033	3,3,3,3,3
5024	101	2000-07-13	2028	2007		4,4,5,3,4
5024	2459	2000-07-13	1014	4000	1006	3,3,2,3,4
5024	3842	2000-07-13	1014	1002	1001	3,3,3,3,3
5024	542	2000-07-13	2010	2006	1022	4,4,4,3,3
5024	6232	2000-07-12	2028	1004	1009	3,3,2,3,3
5024	1502	2000-07-12	1012	1002	1001	5,4,4,5,3
5024	2834	2000-07-12	1014	1004	1010	4,4,4,4,3
5024	6358	2000-07-12	1014	1004	1009	3,4,3,3,3
5024	6235	2000-07-12	2028	1004	1006	3,3,3,3,3
5024	5516	2000-07-12	2028	1004	1007	3,2,2,3,3
5024	6024	2000-07-12	2028	1002	1001	3,3,3,3,3
5024	3699	2000-07-12	2028	3006	1006	4,4,3,4,3
5024	6023	2000-07-12	2028	2009	1026	3,4,3,3,2
5024	6016	2000-07-12	2028	1004	1010	4,3,3,4,3
5024	5244	2000-07-12	2028	1004	1007	3,3,3,3,3
5024	15110	2000-07-12	2028	1004	1007	2,3,2,3,2
5024	5453	2000-07-12	2028	1004	1009	3,4,3,3,3
5024	1733	2000-07-12	2011	1002	1009	3,3,2,3,3
5024	90	2000-07-12	2028	1004	1009	4,4,4,5,3
5024	3833	2000-07-12	2028	1004	1009	3,3,3,3,2
5024	5682	2000-07-12	2028	1004	1009	4,4,4,4,3
5024	6015	2000-07-12	2028	1004	1009	3,3,3,3,3
5024	5660	2000-07-12	2028	1004	1006	4,2,3,3,3
5024	6020	2000-07-12	2028	1004	1009	3,3,3,3,2
5024	6240	2000-07-12	2028	1004	1009	3,2,3,3,3
5024	6026	2000-07-12	2028	1004	1002	3,3,3,3,3
5027	7226	2001-03-09	2008	1002	1009	5,5,5,5,5
5027	5663	2000-07-10	2008	1004	1009	5,5,5,5,5
5027	5663	2000-07-10	2008	1004	1009	5,5,5,5,5
5039	54145	2011-08-30	1001	1004	1036	4,4,4,4,5
5039	12160	2005-06-12	2001	1009	1010	4,5,4,4,2
5039	5595	2001-06-25	2010	1002	1001	5,2,3,3,5
5039	852	2001-06-05	2008	1004		5,5,5,5,5
5039	3121	2001-04-08	2026	1011	1001	5,3,5,4,5
5039	494	2001-03-01	1003	4000	1011	4,5,5,5,1
5039	7723	2001-02-27	2010	1009	1001	5,3,3,3,5
5039	6359	2001-02-26	3007	6000	1006	1,2,2,2,3
5039	6290	2001-01-24	1019	1004	1009	5,4,5,5,5
5062	3263	2000-07-11	2008	4000	1006	5,3,4,4,5
5063	6628	2000-07-11	1014	2009	1034	4,3,4,3,4
5072	7694	2001-02-05	1019	4000	1006	4,4,4,4,5
5072	7694	2001-02-04	1019	4000	1006	5,4,4,5,5
5072	7191	2000-07-11	1012	1002	1001	5,3,4,5,5
5090	2483	2008-07-17	3018	4000		4,3,4,3,5
5092	130	2000-07-18	2008	4000	1006	4,5,4,5,4
5092	1615	2000-07-13	2015	2009	1034	3,4,3,4,4
5099	1939	2000-08-02	1019	3003	1006	5,5,4,4,3
5107	47564	2011-05-29	2008	1009	1001	3,4,5,5,3
5107	11678	2007-09-03	1003	2006	1019	5,4,5,4,3
5123	16649	2011-06-28	3002	1004	1001	4,3,3,3,4
5123	17622	2011-06-27	3002	1002	1016	2,3,3,3,3
5123	13504	2011-06-15	2028	3006	1006	3,3,4,3,3
5123	10262	2011-06-15	2015	6000	1006	4,4,4,4,4
5123	48058	2011-05-31	1019	2009	1009	4,4,4,4,3
5123	899	2011-03-14	3012	1002	1001	4,4,4,4,2
5123	7591	2010-09-07	2008	2009	1034	3,3,4,4,2
5123	23608	2010-07-23	3018	2009	1034	2,3,2,3,3
5123	23210	2010-07-15	3018	1004	1009	1,2,3,3,1
5123	46340	2010-07-06	2005	1002	1001	4,3,3,4,4
5123	26958	2010-05-10	2010	2009	1019	2,4,3,4,2
5123	41467	2010-01-31	1022	1004	1009	3,3,4,4,3
5123	17179	2010-01-04	3018	3006	1006	4,3,3,4,4
5123	26975	2010-01-02	1025	1004	1014	2,3,3,4,2
5123	12097	2009-12-27	1019	2009	1034	1,4,4,3,1
5123	27161	2009-12-02	3007	4000	1003	4,4,4,4,4
5123	26642	2009-11-21	2004	6000	1009	5,4,4,4,4
5123	26343	2009-08-28	2008	4001	1022	2,4,3,4,2
5123	19221	2009-07-23	2008	2009	1019	4,4,3,4,4
5123	25816	2009-07-10	1019	4000	1009	4,4,5,4,5
5123	15432	2009-05-18	1025	3006	1006	4,4,5,4,3
5123	3398	2009-03-20	2003	2009	1002	2,3,4,3,4
5123	13332	2009-02-23	2029	2009	1034	2,3,3,1,2
5123	13783	2009-01-25	1019	4000	1024	4,3,4,3,3
5123	22981	2009-01-20	3018	6000		2,3,3,3,2
5123	27017	2009-01-06	3018	4001	1015	3,3,3,3,1
5123	25802	2008-12-30	2011	2009	1005	2,3,3,3,3
5123	5182	2008-12-09	1019	2009	2	5,4,4,4,4
5123	25617	2008-12-09	1019	2009	1028	5,3,4,4,3
5123	12886	2008-12-04	2010	2004		4,4,4,4,4
5123	14883	2008-11-28	2008	2009	1019	5,4,5,5,4
5123	10982	2008-11-28	3007	2002	1010	4,3,3,3,4
5123	7799	2008-11-26	1004	1010	1001	4,3,3,2,4
5123	10690	2008-11-26	1022	2005	1033	4,3,3,3,2
5123	22100	2008-11-18	2008	6000	1011	4,4,5,4,4
5123	12184	2008-11-17	2008	2009	1026	3,3,3,3,3
5123	2676	2008-11-13	2028	1010	1001	5,3,3,3,4
5123	5633	2008-11-11	2028	1003	1026	1,3,3,3,1
5123	14921	2008-11-10	3018	3006	1011	3,3,3,4,4
5123	3392	2008-11-07	2008	1002	1005	3,4,4,4,3
5123	341	2008-11-06	2008	3004	1006	4,5,5,5,4
5123	19746	2008-11-06	2008	2009	1005	4,3,3,3,5
5123	30	2008-11-05	2008	2009	1034	4,4,4,4,2
5123	15591	2008-11-03	1019	6000	1003	4,3,4,4,3
5123	25655	2008-10-17	3018	2002	1009	4,3,4,4,3
5123	23043	2008-10-16	3018	2009	1026	2,4,4,4,2
5123	3398	2008-10-06	2003	2009	1002	4,3,4,2,5
5123	22100	2008-09-28	2008	6000	1011	5,5,5,5,5
5123	19622	2008-09-09	2008	4000	1002	5,5,5,5,4
5123	21666	2008-09-05	2010	6000	1009	4,3,4,3,5
5123	17994	2008-09-05	2005	3006	1003	3,4,5,4,4
5123	14948	2008-09-04	2005	1018	1001	2,3,3,3,3
5123	17685	2008-08-18	3018	2009	1026	4,4,2,4,4
5123	9374	2008-08-14	2028	6000	1006	5,4,4,4,4
5123	19244	2008-08-14	2008	2009	1034	3,4,4,4,3
5128	7007	2000-07-16	3002	2009	1026	4,3,3,3,4
5129	10733	2008-11-05	1003	1002	1001	2,2,3,4,1
5129	13114	2006-03-27	2019	1004	1016	4,4,4,4,5
5129	3666	2006-01-23	2008	4000	6000	2,4,3,2,2
5129	1975	2000-07-17	3005	1004	1010	4,3,3,3,4
5142	1884	2000-07-15	2026	1004	1001	5,4,5,4,5
5147	8427	2002-04-07	3005	1002	1001	4,3,3,4,3
5147	1062	2002-04-07	3004	1008	1010	5,4,2,3,5
5147	8511	2002-04-07	3005	1011	1001	4,3,2,4,3
5147	8444	2002-04-07	3005	1002	1005	4,4,5,4,3
5147	8439	2002-04-07	3005	1004	1009	4,3,3,3,4
5169	5445	2000-07-16	2010	2002		3,3,2,3,4
5170	1507	2008-04-05	1011	6000	1006	5,4,4,5,3
5170	14	2001-12-25	3007	4000	1006	4,3,4,5,4
5170	6149	2001-06-18	3012	2009	1032	5,3,4,4,5
5171	3902	2001-04-12	1019	4000	1010	5,5,5,5,5
5171	499	2001-04-10	1004	4000		4,3,4,4,5
5171	5338	2000-07-16	1007	4000	1010	3,5,4,4,3
5171	3133	2000-07-16	1007	2004	1001	5,3,4,4,3
5179	1601	2000-12-02	2008	2009	1034	4,4,5,4,4
5180	18642	2008-03-09	3022	1004	1001	4,3,3,3,4
5180	13912	2008-03-09	3022	1004	1009	4,3,4,3,4
5180	20393	2008-03-09	3022	1004	1003	3,3,4,4,3
5180	13038	2008-03-09	3017	3013	1006	3,4,3,4,2
5180	21532	2008-03-09	3018	1002	1005	4,4,2,4,2
5180	10390	2008-03-09	3022	1004	1009	
5180	11115	2006-08-21	1022	4000	1008	3,3,3,4,3
5180	13970	2005-09-18	1019	2009	1026	
5180	10800	2005-09-16	1019	2009		3,3,4,4,3
5180	13038	2005-09-16	3017	3013	1006	4,3,4,4,3
5180	13703	2005-09-16	1019	4000	1006	4,4,4,4,3
5180	1085	2005-09-16	2008	4000	1015	4,4,3,4,3
5180	12184	2005-09-15	2008	2009	1026	4,3,3,3,3
5180	11509	2005-09-15	3022	4000		2,3,2,3,3
5180	2714	2005-09-15	3017	3006	1002	4,4,3,4,3
5180	14122	2005-09-15	3017	3010	1003	3,4,4,4,3
5180	10697	2005-09-14	1019	1004	1014	1,3,3,3,1
5180	11698	2005-08-15	2008	1002	1005	4,4,4,4,3
5180	14126	2005-06-18	3017	3010	1006	4,4,2,4,3
5180	2714	2005-06-12	3017	3006	1002	4,4,4,4,4
5180	14086	2005-06-12	3017	1002	1005	2,3,1,1,2
5180	13703	2005-06-06	1019	4000	1006	4,4,3,4,4
5180	13149	2005-06-06	1019	2009	1031	3,3,3,4,3
5180	13389	2005-05-31	1019	2009	1002	3,3,3,4,3
5180	9725	2005-05-04	3017	1004	1014	4,3,4,3,3
5180	9475	2005-05-04	3017	4001	1007	3,3,3,3,3
5180	8874	2005-05-04	3017	1004	1003	3,3,3,4,3
5180	9724	2005-05-04	3017	1009	1008	3,3,3,3,3
5180	7530	2005-05-04	3017	3006	1006	4,4,4,4,2
5180	11940	2005-05-03	1003	2009	1034	3,4,1,3,3
5180	9723	2005-05-03	3017	1004	1008	4,3,3,2,3
5180	8472	2005-05-02	3017	1004	1007	3,3,4,3,4
5180	10163	2005-05-02	3017	6000	1008	3,3,4,4,3
5180	1461	2005-05-02	3017	1002	1001	4,3,4,4,4
5180	595	2005-05-02	3015	3010	1006	3,3,1,2,3
5180	9698	2005-02-09	1019	2009	1003	3,3,3,4,3
5180	10320	2005-02-09	1019	1004	1010	3,3,3,3,4
5180	6505	2005-02-09	1003	4001	1007	3,4,4,4,2
5180	3387	2005-02-09	2008	4000	1011	3,3,3,4,2
5180	11509	2005-01-25	3022	4000		2,4,3,4,3
5180	12380	2005-01-23	2008	2002	2	3,4,3,4,3
5180	1461	2005-01-10	3017	1002	1001	3,3,3,4,3
5180	4204	2005-01-10	2030	1001	1001	3,4,3,4,3
5180	12862	2004-12-27	2010	2009	1008	4,4,4,4,3
5180	13038	2004-12-23	3017	3013	1006	4,3,3,4,3
5180	1796	2004-12-13	1003	3011	1006	4,4,4,4,3
5180	10155	2004-12-13	3017	3012	1006	4,4,4,4,3
5180	10802	2004-12-13	1019	2009		4,3,4,4,3
5180	12577	2004-12-13	1022	1001	1009	2,3,3,3,3
5180	10126	2004-12-13	3020	3006	1006	4,4,3,4,4
5180	519	2004-11-21	2008	4000	1006	3,3,3,3,3
5180	3245	2004-11-21	2008	6000	1032	
5180	11385	2004-11-13	2008	1002	1001	3,4,4,4,1
5180	12182	2004-10-31	1003	1002	1005	3,3,4,4,3
5180	2068	2004-10-31	3015	1004	1007	4,3,4,3,4
5180	11643	2004-10-31	3015	1004	1009	2,3,2,2,2
5180	11572	2004-10-31	3015	4000	1006	3,4,4,4,3
5180	10765	2004-10-31	3017	4000	1014	3,4,3,4,2
5180	11641	2004-10-02	2008	2009		4,3,3,4,3
5180	7371	2004-10-02	3017	4000	1003	
5180	1461	2004-10-02	3017	1002	1001	3,3,3,3,2
5180	1981	2004-09-27	3007	1002	1001	3,3,1,3,3
5180	11674	2004-09-19	1019	2009	1008	
5180	12395	2004-09-18	3018	1011	1001	2,3,2,3,2
5180	12235	2004-08-29	3022	1009	1015	
5180	587	2004-08-29	2008	3001	1002	4,3,3,4,3
5180	10867	2004-08-23	2028	1018	1001	3,4,3,3,2
5180	10903	2004-08-15	2008	4000		3,3,4,4,3
5180	4203	2004-08-15	1003	1002	1001	3,4,4,4,3
5180	2668	2004-08-15	1003	1010	1005	3,4,4,4,3
5180	90	2004-08-14	2028	1004	1009	3,3,3,3,3
5180	6075	2004-07-28	1001	1004	1009	2,3,3,3,4
5180	10386	2004-07-22	2008	2009	1034	4,4,3,4,3
5180	10570	2004-07-15	3007	1011		3,4,3,3,3
5180	609	2004-07-13	1003	3010	1007	
5180	1085	2004-07-13	2008	4000	1015	
5180	10684	2004-07-13	2008	1001	1001	2,4,4,3,2
5180	10684	2004-06-21	2008	1001	1001	4,4,4,4,3
5180	7579	2004-06-19	2010	1004	1015	4,3,3,3,4
5180	436	2004-06-19	2010	1005	1001	2,3,2,3,2
5180	3828	2004-06-19	1003	1002	1005	3,3,2,4,2
5180	10902	2004-06-08	2028	1005	1001	3,3,4,3,3
5180	10902	2004-05-29	2028	1005	1001	3,4,3,3,3
5180	11334	2004-05-29	3015	2009	1034	3,4,3,4,3
5180	11515	2004-05-10	3007	4000	1015	4,3,4,4,3
5180	11521	2004-05-10	1019	1004	1014	4,4,3,4,3
5180	9819	2004-05-09	3010	1004	1014	4,3,4,3,3
5180	10390	2004-05-09	3022	1004	1009	3,3,2,3,3
5180	10812	2004-05-09	1019	1011	1001	3,3,1,3,3
5180	11509	2004-05-08	3022	4000		3,4,3,4,3
5180	10886	2004-04-25	2010	1004	1015	4,4,3,4,3
5180	10386	2004-04-06	2008	2009	1034	4,4,4,4,3
5180	10561	2004-04-04	2028	1008	1010	4,4,4,3,4
5180	11265	2004-04-04	1022	2002	1006	4,4,4,4,4
5180	4159	2004-03-25	1003	4001	1007	3,3,3,3,4
5180	10390	2004-03-25	3022	1004	1009	4,3,3,4,3
5180	10961	2004-03-20	2010	1001	1011	4,4,4,4,3
5180	10294	2004-03-19	2010	1010	1001	3,4,3,4,3
5180	7116	2004-03-19	3002	1002	1001	3,3,3,3,3
5180	11269	2004-03-19	3018	1004	1009	4,3,3,3,4
5180	11265	2004-03-16	1022	2002	1006	4,3,4,4,4
5180	10513	2004-03-16	1003	1004	1007	4,4,4,4,4
5180	11250	2004-03-16	3018	1004	1009	4,3,3,3,3
5180	10217	2004-03-15	1010	3001	1006	4,4,4,4,3
5180	1167	2004-03-15	1022	4001	1007	4,3,3,3,4
5180	10697	2004-03-15	1019	1004	1014	4,3,3,3,3
5180	5522	2004-03-15	1003	1004	1003	3,3,3,4,3
5180	11250	2004-03-12	3018	1004	1009	4,3,4,3,3
5180	7535	2004-03-12	1011	4001	1006	4,4,4,4,3
5180	10261	2004-03-07	2010	1005	1010	2,3,3,3,2
5180	3686	2004-02-15	2008	3006	1006	3,4,4,4,3
5180	10706	2004-02-10	1019	2009	1005	3,4,4,4,3
5180	10753	2004-02-10	3018	2009	1034	4,4,4,4,4
5180	10299	2004-02-10	1003	1004	1010	3,3,3,3,3
5180	3393	2004-02-10	1003	1002	1005	3,3,4,4,3
5180	10799	2004-02-10	1019	2009		4,4,4,4,3
5180	9664	2003-12-02	2015	1009	1001	3,3,3,4,3
5180	9944	2003-12-02	2015	1011	1001	3,3,3,4,3
5180	8472	2003-11-06	3017	1004	1007	3,3,4,3,4
5180	10563	2003-11-06	2010	2009		3,4,3,4,3
5180	10390	2003-11-06	3022	1004	1009	3,3,3,4,3
5180	10318	2003-11-06	1019	1018	1001	4,4,3,4,3
5180	10044	2003-11-05	3018	2009		3,3,3,3,3
5180	10383	2003-10-31	3018	6000		4,3,3,3,4
5180	9830	2003-10-27	2028	1004	1001	2,3,3,3,2
5180	10473	2003-10-27	3017	2009	1034	3,4,3,4,3
5180	10390	2003-10-27	3022	1004	1009	3,3,3,4,3
5180	10390	2003-10-26	3022	1004	1009	3,3,3,4,3
5180	7770	2003-10-26	3008	1002	1005	3,3,3,3,4
5180	146	2003-10-21	2010	2009	1005	3,3,3,3,3
5180	9959	2003-10-21	2010	4000	1014	3,4,3,4,2
5180	10384	2003-09-26	2010	1002	1001	4,4,4,4,3
5180	10380	2003-09-26	2010	6000	1015	3,3,3,4,3
5180	9666	2003-09-24	2008	2009	1034	4,4,4,4,3
5180	1859	2003-09-24	2010	1002	1005	4,4,4,4,3
5180	3041	2003-09-24	2010	6000		4,3,3,3,4
5180	10136	2003-09-22	1019	6000	1014	4,3,3,3,3
5180	6161	2003-09-22	1022	4000	1006	3,4,4,4,3
5180	7371	2003-09-22	3017	4000	1003	3,3,1,3,2
5180	10136	2003-09-21	1019	6000	1014	4,3,3,4,4
5180	9942	2003-09-20	2005	1018	1001	4,4,4,4,3
5180	9884	2003-09-19	3018	1005	1001	3,3,3,3,3
5180	10344	2003-09-19	2008	1005	1001	3,4,4,4,4
5180	9959	2003-09-10	2010	4000	1014	3,3,3,4,3
5180	7422	2003-09-08	3017	1002	1005	2,3,2,3,2
5180	5397	2003-09-01	1003	2009		4,4,4,4,2
5180	2420	2003-09-01	2008	4000	1010	3,4,4,4,4
5180	7116	2003-09-01	3002	1002	1001	4,3,4,3,3
5180	10261	2003-09-01	2010	1005	1010	3,3,3,3,3
5180	7628	2003-09-01	2005	6000		4,4,4,4,3
5180	2377	2003-05-27	2010	1004	1015	4,3,3,3,3
5180	10071	2003-05-27	2015	1004	1014	4,4,4,4,3
5180	375	2003-05-27	3017	2004	1010	3,3,3,4,3
5180	10077	2003-05-21	2008	1018	1001	3,3,4,4,3
5180	245	2003-05-12	2008	4000	1008	3,3,4,4,2
5180	9666	2003-05-10	2008	2009	1034	4,4,4,3,4
5180	9995	2003-05-09	2008	1004	1008	3,4,4,4,3
5180	10057	2003-05-07	3017	1011	1001	3,4,3,4,3
5180	6004	2003-05-05	3017	2009	1021	3,3,3,3,3
5180	4195	2003-04-24	1022	1011	1001	3,3,3,3,3
5180	10035	2003-04-12	1003	6000		3,4,4,3,3
5180	6794	2003-04-12	3015	1021		3,3,4,4,3
5180	3841	2003-04-12	3017	1004		2,3,3,4,2
5180	2354	2003-04-07	3010	1004	1006	3,4,4,3,3
5180	7709	2003-04-07	2005	4000	1006	4,4,4,4,3
5180	2066	2003-04-07	2005	1004	1007	4,3,4,3,4
5180	10018	2003-04-07	1003	1009	1008	3,3,3,3,4
5180	9835	2003-04-07	1003	1011	1001	4,4,3,4,2
5180	5785	2003-04-07	1003	1004	1009	3,3,3,2,3
5180	9819	2003-04-07	3010	1004	1014	4,3,4,3,3
5180	4171	2003-04-07	3010	1002	1001	3,3,4,3,3
5180	9959	2003-04-06	2010	4000	1014	4,3,3,3,3
5180	5397	2003-03-17	1003	2009		4,4,3,4,2
5180	9953	2003-02-04	2010	1009	1001	4,4,3,4,3
5180	51	2003-02-04	1019	3006	1006	4,3,3,4,4
5180	1084	2003-02-04	1019	4000	1015	4,4,4,4,3
5180	542	2003-02-01	2010	2006	1022	4,3,5,4,4
5180	9834	2003-01-29	1019	1015	1001	4,4,4,4,3
5180	9753	2003-01-29	1019	4000	1006	3,3,3,4,3
5180	9875	2003-01-29	2010	2004		4,4,3,4,4
5180	1793	2003-01-25	2010	6000	1011	3,4,3,4,2
5180	7546	2003-01-22	2010	1004	1002	3,3,3,4,3
5180	9942	2003-01-22	2005	1018	1001	4,4,3,4,3
5180	1477	2003-01-22	2010	1004	1010	1,2,1,2,2
5180	9944	2003-01-22	2015	1011	1001	4,3,3,3,3
5180	9889	2002-12-26	2008	4000	1006	4,4,3,4,3
5180	9666	2002-12-16	2008	2009	1034	4,4,3,4,3
5180	1793	2002-12-14	2010	6000	1011	3,4,4,3,3
5180	1430	2002-12-12	1003	2002	1006	4,4,4,4,3
5180	9683	2002-12-08	2005	6000	1006	2,4,4,3,2
5180	9875	2002-12-01	2010	2004		4,4,4,4,3
5180	9886	2002-12-01	1019	2009	1021	2,4,3,3,2
5180	4187	2002-11-28	1022	1002	1001	4,3,2,3,4
5180	5087	2002-11-25	1019	2009	1008	3,3,3,4,3
5180	9870	2002-11-20	1003	4000		3,3,3,3,4
5180	3226	2002-11-18	2010	2009	1008	3,3,3,3,3
5180	8639	2002-11-18	2010	6000	1006	3,4,3,3,3
5180	2509	2002-11-14	1003	1011	1001	5,3,3,3,2
5180	609	2002-11-13	1003	3010	1007	3,3,3,3,3
5180	1549	2002-11-09	1022	1004	1009	3,3,3,3,4
5180	9776	2002-11-09	2010	4000	1006	4,5,4,4,4
5180	9809	2002-11-09	1022	3006	1006	3,4,4,4,3
5180	9867	2002-11-09	2010	1002	1001	3,3,3,4,3
5180	2883	2002-11-09	1019	1002	1001	3,4,3,4,3
5180	9800	2002-11-09	2005	2002		3,3,3,3,3
5180	7696	2002-11-09	2005	1002	1001	3,4,4,4,3
5180	7669	2002-11-09	2005	6000	1006	3,3,3,4,3
5180	2665	2002-11-08	2008	1010	1005	4,5,4,4,3
5180	9692	2002-11-06	2008	4000	1006	2,3,3,3,3
5180	9861	2002-11-02	2008	2009		3,4,4,4,3
5180	9858	2002-10-29	2001	1011	1001	2,3,4,3,3
5180	7294	2002-10-29	2008	4000	1006	4,3,4,4,3
5180	3827	2002-10-20	2008	1002	1005	4,3,4,4,3
5180	9857	2002-10-19	1003	2005		4,4,4,4,3
5180	9787	2002-10-18	1003	1004	1006	3,4,3,4,3
5180	9694	2002-10-07	1019	3006	1006	3,4,4,4,4
5180	3813	2002-10-03	1003	4001	1003	4,3,4,4,4
5180	9846	2002-10-03	1019	2009	1034	4,4,5,4,4
5180	5888	2002-09-30	2008	2009	1021	3,3,4,3,3
5180	8708	2002-09-30	1019	2009	1019	4,4,4,4,2
5180	9823	2002-09-23	2008	3006		4,4,3,3,4
5180	402	2002-09-23	2001	1001	1014	4,3,4,3,3
5180	6735	2002-09-19	1003	4000	1008	5,4,3,4,3
5180	9776	2002-09-02	2010	4000	1006	4,4,4,5,3
5180	9801	2002-09-01	2005	1004	1010	4,3,4,4,4
5180	189	2002-08-07	1003	4000	1006	3,3,3,3,3
5180	2733	2002-08-04	2010	3006	1002	3,3,2,3,3
5180	1796	2002-07-29	1003	3011	1006	4,5,4,4,3
5180	852	2002-07-29	2008	1004		2,3,3,4,3
5180	1995	2002-07-25	1003	4000	1006	3,3,3,3,2
5180	6735	2002-07-17	1003	4000	1008	4,4,3,4,3
5180	1443	2002-07-17	1011	4000	1006	4,4,5,4,3
5180	9694	2002-07-07	1019	3006	1006	4,4,3,4,3
5180	9767	2002-07-07	1019	1004	1010	3,3,2,3,3
5180	205	2002-07-07	1019	1004	1006	3,4,4,4,3
5180	5840	2002-07-01	2008	4000	1011	4,4,3,4,3
5180	7552	2002-07-01	1019	3010	1006	4,4,4,4,3
5180	9739	2002-07-01	2005	4000	1006	3,3,3,3,3
5180	7711	2002-07-01	2005	1002	1001	2,3,2,3,2
5180	9678	2002-06-30	2005	1002	1010	2,3,3,3,1
5180	665	2002-06-24	2010	4001	1008	4,4,3,4,3
5180	4213	2002-06-21	1003	1002	1001	5,3,4,4,4
5180	3282	2002-06-21	1003	2009	1019	3,4,3,4,2
5180	587	2002-06-09	2008	3001	1002	4,4,3,4,4
5180	248	2002-06-09	2008	4000	1006	3,3,3,4,2
5180	575	2002-06-01	2008	4001	1003	4,4,4,4,3
5180	9743	2002-06-01	2005	2005	1006	4,4,4,4,3
5180	9694	2002-05-27	1019	3006	1006	4,4,3,4,3
5180	7708	2002-05-26	2003	4000	1003	4,4,4,4,3
5180	3970	2002-05-23	1003	2009	1032	3,3,4,3,2
5180	3793	2002-05-20	2010	1002	1001	4,3,4,3,3
5180	3783	2002-05-06	2008	4001	1006	4,4,4,4,3
5180	3391	2002-05-05	2008	1002	1005	4,3,2,3,2
5180	9718	2002-04-14	2010	1004	1007	4,4,3,4,4
5180	1643	2002-04-14	1003	4001	1007	3,3,4,4,4
5180	9683	2002-04-14	2005	6000	1006	4,4,3,4,3
5180	3707	2002-04-14	2010	3006	1006	3,3,1,3,2
5180	1557	2002-04-14	2005	1004	1009	4,3,4,3,4
5180	2172	2002-04-14	2008	4001	1007	3,3,3,4,5
5180	9670	2002-04-14	2005	1002	1005	2,3,3,4,2
5180	8998	2002-04-07	1022	3006	1006	2,4,3,4,2
5180	3176	2002-04-07	1003	1008	1001	4,4,3,4,2
5180	2509	2002-04-07	1003	1011	1001	4,3,3,3,3
5180	9650	2002-04-07	2015	1001	1001	3,4,4,4,3
5180	2857	2002-03-10	2010	1004	1009	4,3,4,3,3
5180	9694	2002-03-05	1019	3006	1006	4,4,5,4,4
5180	9698	2002-03-04	1019	2009	1003	3,4,4,4,2
5180	4159	2002-03-04	1003	4001	1007	3,3,4,3,4
5180	8915	2002-02-22	2008	4000	1006	4,3,4,4,3
5180	8999	2002-02-10	2008	6000	1006	3,4,3,3,4
5180	9664	2002-02-03	2015	1009	1001	3,3,2,3,2
5180	9666	2002-01-06	2008	2009	1034	4,4,5,5,5
5180	2194	2002-01-02	2010	4001	1007	3,3,3,4,4
5180	9660	2001-12-17	1019	3010	1006	4,4,4,4,4
5180	7503	2001-12-17	2008	1002	1001	2,4,3,4,2
5180	1752	2001-12-17	2008	1011	1001	4,3,5,4,3
5180	7751	2001-12-17	2008	1004	1014	4,4,3,4,3
5180	6717	2001-12-08	2008	6000	1021	3,4,4,4,4
5180	7713	2001-12-08	3002	4000	1006	3,5,4,4,4
5180	9650	2001-12-08	2015	1001	1001	5,5,5,5,5
5180	4203	2001-11-23	1003	1002	1001	3,3,4,4,3
5180	1637	2001-11-11	2002	4001	1007	4,3,3,3,4
5180	8669	2001-11-04	1019	1009	1001	3,3,3,3,4
5180	2893	2001-11-04	2008	2009	1005	3,3,4,3,3
5180	6071	2001-10-27	1011	2004	1006	4,3,3,4,2
5180	9093	2001-10-27	1003	4000	1008	4,4,4,4,1
5180	6290	2001-10-16	1019	1004	1009	4,3,4,4,3
5180	6290	2001-10-15	1019	1004	1009	4,4,3,4,4
5180	609	2001-10-11	1003	3010	1007	3,3,2,3,3
5180	8639	2001-10-07	2010	6000	1006	3,4,4,4,4
5180	5805	2001-10-07	2008	1002	1009	3,3,4,3,4
5180	4135	2001-10-07	2005	4001	1007	3,3,4,4,4
5180	7483	2001-10-06	1019	1009	1012	3,5,5,4,1
5180	1535	2001-10-06	2010	1002	1005	3,4,4,4,3
5180	7642	2001-09-24	2008	4000		3,4,3,4,4
5180	2605	2001-09-20	1003	4000	1008	3,4,3,3,2
5180	4159	2001-09-20	1003	4001	1007	3,3,4,4,5
5180	1155	2001-09-18	1003	4001	1007	4,3,3,3,5
5180	9038	2001-09-18	1003	4001	1015	3,3,3,4,4
5180	7503	2001-09-09	2008	1002	1001	4,4,3,4,3
5180	1643	2001-09-09	1003	4001	1007	2,3,3,3,4
5180	3984	2001-09-09	2015	4000	1010	4,5,5,4,3
5180	2664	2001-09-07	2008	1010	1005	3,4,3,4,3
5180	3889	2001-09-07	1003	2002		4,3,3,3,3
5180	4130	2001-09-07	1011	1011	1001	4,4,4,4,2
5180	6337	2001-09-07	1019	1004	1006	4,4,3,4,3
5180	4159	2001-09-04	1003	4001	1007	3,4,4,4,5
5180	3040	2001-09-04	2010	6000		4,3,3,3,4
5180	1993	2001-09-03	2008	1004	1009	3,3,3,3,3
5180	29	2001-09-03	2008	2009	1034	2,4,3,4,2
5180	2168	2001-09-02	2008	4001	1007	3,3,3,3,2
5180	609	2001-08-30	1003	3010	1007	2,4,3,3,2
5180	8639	2001-08-30	2010	6000	1006	3,4,3,4,4
5180	6206	2001-08-30	2010	1009	1001	3,3,3,3,3
5180	2588	2001-08-27	2010	2009	1021	3,4,3,4,3
5180	8639	2001-08-27	2010	6000	1006	3,4,3,4,4
5180	6206	2001-08-24	2010	1009	1001	3,3,3,3,3
5180	5404	2001-08-17	1003	1009	1001	4,3,3,4,5
5180	6282	2001-08-16	1019	2022	1003	4,4,4,4,3
5180	5992	2001-08-13	2019	2009	1008	4,4,3,4,3
5180	2837	2001-08-12	2029	1004	1010	2,2,3,3,2
5180	3837	2001-08-12	1003	1004	1009	3,3,3,3,3
5180	1155	2001-08-12	1003	4001	1007	3,3,3,3,5
5180	4135	2001-08-12	2005	4001	1007	4,3,4,4,5
5180	7559	2001-08-11	2008	1004	1006	3,4,3,4,4
5180	1689	2001-08-11	1003	1002	1001	2,1,2,3,2
5180	5888	2001-08-11	2008	2009	1021	4,4,5,4,3
5180	5554	2001-08-11	2008	2001	1007	4,3,3,4,4
5180	189	2001-08-09	1003	4000	1006	3,4,4,4,3
5180	609	2001-08-09	1003	3010	1007	4,4,3,3,4
5180	4045	2001-08-09	2002	1002	1010	3,3,3,3,2
5180	1643	2001-08-08	1003	4001	1007	3,3,2,3,4
5180	5683	2001-08-06	1019	1004	1015	4,3,3,4,4
5180	6793	2001-08-06	3007	2009	1021	3,4,3,4,3
5180	5785	2001-08-06	1003	1004	1009	4,3,3,4,4
5180	132	2001-08-06	2010	1018	1001	3,3,2,2,2
5180	3391	2001-07-31	2008	1002	1005	2,2,2,3,1
5180	665	2001-07-31	2010	4001	1008	3,3,2,4,3
5180	5661	2001-07-25	2008	1004	1009	4,3,3,3,4
5180	6029	2001-07-21	1019	1009	1001	3,4,4,4,3
5180	1318	2001-07-21	1022	1004	1009	4,3,3,3,4
5180	7777	2001-07-20	2015	2002	1010	3,3,3,3,3
5180	5336	2001-07-04	1019	2009	1010	4,4,3,3,3
5180	7532	2001-07-04	2008	3010	1006	4,5,4,4,3
5180	3139	2001-07-04	1019	2009	1034	4,4,4,4,4
5180	1085	2001-07-04	2008	4000	1015	4,4,4,4,3
5180	7473	2001-07-04	1003	2009	1034	4,4,5,4,2
5180	7304	2001-06-28	2015	3006	1006	4,3,4,4,4
5180	5096	2001-06-03	2008	3006	1003	2,3,3,3,2
5180	3703	2001-06-03	1003	3006	1006	4,5,4,4,4
5180	6290	2001-06-03	1019	1004	1009	4,4,4,4,3
5180	5117	2001-05-21	3007	4000	1015	4,4,4,4,4
5180	189	2001-04-24	1003	4000	1006	3,4,3,4,4
5180	7784	2001-04-24	2010	1004	1006	3,4,3,4,3
5180	2855	2001-04-02	2002	4000	1006	4,5,4,4,3
5180	671	2001-03-18	2010	1010	1001	3,2,3,3,3
5180	5888	2001-03-14	2008	2009	1021	5,4,5,4,5
5180	7369	2001-03-14	2008	4000	1006	3,4,4,4,3
5180	7330	2001-03-11	2008	2009	1021	3,3,3,3,3
5180	7628	2001-03-09	2005	6000		5,5,5,5,5
5180	3008	2001-03-08	1008	4000	1003	4,4,4,4,5
5180	3597	2001-03-06	1011	3009	1006	3,4,3,4,3
5180	7202	2001-03-05	2002	1011	1001	3,4,4,4,3
5180	2689	2001-03-05	1019	2002		4,3,4,3,4
5180	702	2001-03-02	1003	6000	1006	4,4,3,5,3
5180	5418	2001-02-14	2008	1002	1001	4,5,3,5,4
5180	2662	2001-02-09	1003	2002	1002	4,3,4,3,4
5180	2733	2001-02-04	2010	3006	1002	3,3,2,3,3
5180	5915	2001-02-04	1022	4000	1006	4,3,3,4,4
5180	2584	2001-02-01	1019	3010	1006	4,4,5,4,4
5180	6280	2001-01-17	1019	2009	1021	3,4,2,3,3
5180	6610	2001-01-15	1019	4000	1003	3,3,3,3,4
5180	2990	2001-01-01	2010	2009	1011	4,5,5,5,3
5180	6701	2001-01-01	2008	4001	1019	4,5,4,5,4
5180	7607	2000-12-07	2010	2002		3,3,2,3,4
5180	6278	2000-11-12	1019	4000	1006	3,4,4,4,4
5180	4157	2000-11-05	2011	2009	1005	4,4,4,4,4
5180	7559	2000-11-05	2008	1004	1006	5,4,5,5,5
5180	6288	2000-11-04	1019	6000	1006	5,4,4,4,4
5180	6254	2000-11-04	1019	3010	1006	4,4,4,4,3
5180	6254	2000-10-30	1019	3010	1006	5,4,5,4,3
5180	6254	2000-10-24	1019	3010	1006	3,4,4,5,4
5180	3767	2000-10-24	1022	2009	1034	4,4,2,4,3
5180	6796	2000-10-23	1019	6000		4,5,5,4,4
5180	3767	2000-10-23	1022	2009	1034	5,4,5,5,4
5180	1651	2000-10-23	2002	4000	1006	3,4,3,4,4
5180	5096	2000-10-15	2008	3006	1003	4,4,4,4,4
5180	1772	2000-10-15	2010	2009	1005	2,3,3,3,3
5180	7228	2000-10-13	1019	1002	1001	4,4,4,4,4
5180	3592	2000-10-13	1019	4000	1010	5,4,4,4,4
5180	690	2000-10-12	2008	1002	1001	4,4,4,4,4
5180	2641	2000-10-11	1019	4000	1006	4,4,4,4,4
5180	619	2000-10-11	1019	3010	1007	5,4,4,4,4
5180	576	2000-10-11	1011	4001	1003	5,4,5,5,4
5180	108	2000-10-11	2008	2005	1033	3,4,4,3,4
5180	398	2000-10-11	1019	2009	1024	5,5,5,5,3
5180	1410	2000-10-11	1019	2009	1034	4,4,4,4,4
5180	558	2000-10-11	2008	1004	1009	3,4,4,4,4
5180	2853	2000-10-11	1019	1002	1001	4,4,4,4,3
5180	374	2000-10-10	2002	2002	2004	4,5,4,4,4
5180	5142	2000-10-10	3007	2009	1008	4,4,4,5,4
5180	36	2000-10-08	2010	2009	1005	4,4,4,4,4
5180	6679	2000-10-08	2029	1004	1003	3,3,3,3,3
5180	172	2000-10-08	1019	1002	1011	3,4,4,4,3
5180	2576	2000-10-08	1019	4001	1007	4,4,4,4,3
5180	972	2000-10-08	2010	2002	1009	3,4,4,4,3
5180	1694	2000-10-08	1019	4000	1010	5,4,4,4,4
5180	132	2000-10-08	2010	1018	1001	3,4,4,4,4
5180	146	2000-10-08	2010	2009	1005	4,4,4,4,4
5180	1548	2000-10-06	2029	4000	1003	3,2,3,2,4
5180	2037	2000-10-06	2010	1002	1005	4,4,4,4,3
5180	3290	2000-10-06	1019	1004	1002	4,3,3,3,5
5180	5025	2000-10-06	2008	3010	1006	3,4,3,4,2
5180	775	2000-10-06	2002	1010	1001	3,4,3,4,3
5180	2841	2000-10-06	2002	3021	4000	5,5,5,5,4
5180	1105	2000-10-06	1019	1004	1014	5,3,4,3,5
5180	3611	2000-10-06	1019	1002	1001	3,4,3,4,3
5180	3274	2000-10-06	1019	4000	1006	4,5,5,5,4
5180	3686	2000-10-06	2008	3006	1006	5,5,5,5,4
5180	45	2000-10-06	2010	2009	1005	4,4,3,4,3
5180	3783	2000-10-05	2008	4001	1006	5,5,5,5,4
5180	2413	2000-10-05	1003	2009	1019	4,4,4,4,3
5180	3155	2000-10-05	1019	4001	1006	4,4,4,4,4
5180	4059	2000-10-05	2002	3010	1006	4,4,5,5,4
5180	2855	2000-10-05	2002	4000	1006	3,5,4,4,3
5180	162	2000-10-05	1019	1011	1001	4,5,5,5,4
5180	436	2000-10-03	2010	1005	1001	4,3,4,3,4
5180	465	2000-10-03	1019	1010	1001	3,3,4,3,4
5180	7546	2000-10-03	2010	1004	1002	4,4,5,5,3
5180	3717	2000-10-03	2008	1002	1001	3,4,3,3,3
5180	3226	2000-10-03	2010	2009	1008	5,5,4,5,4
5180	2588	2000-10-02	2010	2009	1021	4,4,4,4,4
5180	7203	2000-10-02	2008	4000	1006	3,5,4,5,4
5180	6293	2000-09-30	1019	4000	1006	5,5,4,5,4
5180	29	2000-09-30	2008	2009	1034	5,4,4,4,4
5180	1424	2000-09-30	2002	2009	1034	4,4,4,3,4
5180	1996	2000-08-29	3002	1002	1001	5,3,4,4,4
5180	256	2000-08-11	1019	3006	1006	4,4,5,4,4
5180	5966	2000-08-11	2008	3006	1006	5,5,5,4,5
5180	363	2000-08-09	1019	1004	1002	4,3,3,4,4
5180	1424	2000-08-08	2002	2009	1034	3,4,3,3,3
5180	3018	2000-08-07	2008	4001	1003	4,5,5,5,3
5180	4060	2000-08-04	1019	3010	1003	5,5,5,5,4
5180	827	2000-08-04	1019	1009	1001	5,4,5,4,4
5180	5712	2000-08-02	1019	2009	1005	4,3,3,3,5
5180	6293	2000-08-02	1019	4000	1006	4,5,4,5,5
5180	205	2000-07-30	1019	1004	1006	5,4,4,4,3
5180	711	2000-07-29	2002	3011	1006	2,4,4,3,1
5180	3258	2000-07-23	1010	4000	1006	3,3,4,4,4
5180	2690	2000-07-20	1019	3006	1006	4,3,2,3,4
5180	295	2000-07-18	2003	3006	1006	5,5,5,5,4
5180	5117	2000-07-18	3007	4000	1015	4,5,2,4,4
5180	1939	2000-07-18	1019	3003	1006	5,4,4,4,4
5180	29	2000-07-16	2008	2009	1034	5,4,4,5,4
5180	51	2000-07-16	1019	3006	1006	5,4,4,5,4
5182	2403	2000-07-24	3007	2005	1033	3,3,1,2,3
5182	7231	2000-07-20	1026	4000	1006	5,5,5,5,5
5218	7434	2001-06-17	2002	4000	6000	3,3,3,5,4
5218	6393	2001-02-28	2029	4000	1006	3,3,3,4,2
5218	5966	2001-01-07	2008	3006	1006	4,3,3,4,4
5218	754	2001-01-03	1019	3006	1006	4,4,5,5,5
5218	2153	2000-09-25	1003	4001	1007	3,3,3,3,5
5218	1633	2000-09-25	3003	1004	1014	4,3,3,3,4
5218	3479	2000-09-25	3003	1009	1015	3,3,3,3,3
5218	1963	2000-09-24	3003	1026	1010	3,3,3,3,4
5218	5339	2000-09-21	2008	2007		5,3,5,4,3
5218	3155	2000-09-15	1019	4001	1006	4,4,4,3,2
5218	1139	2000-09-14	2015	1004	1006	2,3,3,3,3
5218	7413	2000-09-05	3005	2002		5,3,2,3,5
5218	2673	2000-09-05	2016	1010	1001	2,2,2,1,2
5218	2855	2000-09-05	2002	4000	1006	4,4,3,4,3
5218	2848	2000-09-01	1022	4000	1032	4,5,5,5,5
5218	6643	2000-08-11	3005	6000	1007	5,4,3,5,5
5218	665	2000-08-11	2010	4001	1008	1,3,3,3,3
5218	7273	2000-07-31	1012	1004	1010	4,3,3,3,5
5218	90	2000-07-20	2028	1004	1009	5,3,4,3,5
5218	1762	2000-07-18	1022	1002	1015	2,3,1,3,4
5218	6290	2000-07-18	1019	1004	1009	3,4,4,3,1
5219	5055	2000-07-30	1011	3006	1008	5,5,5,5,2
5219	3556	2000-07-19	3003	1004	1002	5,4,4,3,5
5219	3870	2000-07-19	2008	3006	1006	3,5,5,5,3
5219	830	2000-07-19	3003	1002	1001	4,4,5,3,5
5219	6218	2000-07-18	3018	2022	1003	5,5,5,5,5
5219	1615	2000-07-18	2015	2009	1034	2,1,2,3,2
5219	6206	2000-07-18	2010	1009	1001	4,3,4,4,4
5219	6634	2000-07-18	1017	2009		5,4,5,4,2
5219	2413	2000-07-18	1003	2009	1019	3,4,4,4,1
5232	3738	2000-12-02	2008	1007	1001	5,5,5,5,5
5233	7203	2002-02-15	2008	4000	1006	4,3,5,4,5
5233	3466	2002-02-15	2008	4000	1003	4,3,5,4,1
5233	774	2002-02-15	2008	4000	1006	3,5,2,5,3
5233	5076	2002-02-13	3007	4000	1014	2,4,1,3,1
5233	7225	2002-02-13	4009	1002	1001	4,4,3,1,3
5233	9297	2002-02-13	4009	4000	1003	1,1,1,2,1
5233	7887	2002-02-13	4009	1002	1005	2,3,2,4,1
5233	7614	2002-02-13	4009	1004		1,1,1,1,1
5233	7587	2002-02-13	4009	6000	1006	4,4,4,4,4
5233	3274	2002-02-13	1019	4000	1006	5,1,2,4,3
5233	5142	2000-10-15	3007	2009	1008	3,4,3,5,2
5233	3420	2000-10-13	1010	3010	1006	3,3,3,2,3
5241	5708	2000-07-19	1019	1011	1001	5,3,4,4,5
5244	9835	2011-02-16	1003	1011	1001	1,1,1,2,1
5246	5623	2000-09-16	2010	2002		4,3,3,3,4
5246	372	2000-09-16	4006	2002	2004	4,4,4,4,3
5246	3033	2000-08-20	3005	2005	1010	4,5,4,5,3
5252	6120	2000-09-25	1001	3006	1006	1,1,1,1,5
5252	666	2000-07-22	2003	4001	1008	5,3,3,3,3
5252	520	2000-07-19	2008	4000	1008	5,4,3,3,4
5259	3155	2000-08-23	1019	4001	1006	3,4,2,5,1
5264	9751	2003-05-07	3008	2009	1005	5,5,5,4,5
5264	1345	2001-11-25	1023	1002	1005	5,4,4,5,5
5267	6843	2000-07-21	3007	2009	1021	4,5,5,5,4
5269	6248	2000-07-22	3018	1016	1010	4,3,4,5,4
5269	3326	2000-07-22	1019	1002	1002	3,2,3,2,5
5269	3263	2000-07-21	2008	4000	1006	5,5,5,5,3
5269	3756	2000-07-21	2008	3006	1006	2,2,2,4,1
5272	26908	2009-03-13	2010	1009	1002	3,4,5,4,4
5272	26755	2009-03-06	1019	2009	1034	4,4,5,5,4
5272	26680	2009-03-05	2010	1004	1014	4,5,5,5,4
5272	15432	2009-03-04	1025	3006	1006	4,5,5,5,4
5272	26121	2009-03-03	3018	2002	5	4,5,4,5,4
5272	11952	2009-03-03	3002	3006	1006	4,5,3,5,4
5272	26948	2009-02-21	1025	1004	1014	4,5,4,4,4
5272	15419	2009-02-21	1025	1004	1009	4,2,2,3,4
5272	10049	2009-02-17	1022	6000	1033	4,3,3,3,5
5272	10133	2009-02-07	1026	1011	1001	4,4,3,4,3
5272	12459	2009-02-07	1026	1004	1002	4,4,1,3,4
5272	1587	2009-01-14	1003	1002	1010	4,4,3,4,3
5272	27036	2009-01-10	1019	2009	1022	2,3,2,3,2
5272	25780	2009-01-03	2010	2009	1034	3,3,1,2,3
5272	7723	2005-09-06	2010	1009	1001	4,3,3,3,4
5272	12675	2005-01-09	2008	1004	1001	4,3,2,4,3
5272	11438	2004-12-30	1019	2009	1034	4,4,4,4,5
5272	11212	2004-12-26	1022	2009	1006	5,4,5,4,3
5272	5384	2004-12-04	1019	1004	1004	1,2,3,2,1
5272	6998	2004-12-04	1019	1004		2,4,3,2,2
5272	12237	2004-12-04	1019	4000	1006	
5272	2083	2004-05-30	1012	6000	1006	3,2,1,3,3
5274	5816	2001-04-24	2008	2009	1005	4,4,4,5,4
5280	7677	2001-01-18	3020	6000	1021	4,5,4,4,3
5280	4223	2000-07-30	2010	2002	1010	5,3,4,3,4
5280	941	2000-07-21	2010	2009		3,3,2,3,2
5290	7627	2001-07-21	1009	3010	1006	3,3,2,3,5
5290	7713	2001-07-21	3002	4000	1006	2,5,3,5,4
5290	6205	2001-07-21	1019	1004	1009	5,5,5,5,5
5290	4163	2001-05-13	3018	2009	1007	5,5,5,5,5
5290	4157	2000-11-04	2011	2009	1005	5,4,4,5,5
5290	3883	2000-10-23	1011	1002	1005	4,3,4,4,1
5290	2532	2000-10-19	1019	1004	1018	4,5,4,4,4
5290	61	2000-09-26	2002	3006	1006	3,5,5,5,4
5290	6414	2000-09-25	2029	4000	1003	1,3,3,3,4
5290	2942	2000-08-16	3006	1004	1004	5,4,4,5,3
5290	1310	2000-08-15	2008	1004	1032	3,2,3,2,2
5290	35	2000-08-01	2008	2009	1005	2,2,3,4,3
5290	2936	2000-07-24	2008	4001	1003	5,5,5,4,3
5290	3553	2000-07-22	2001	2006	1033	5,4,5,4,4
5290	1615	2000-07-22	2015	2009	1034	3,2,4,2,4
5290	3870	2000-07-21	2008	3006	1006	5,5,5,4,2
5290	228	2000-07-21	1002	4000	1006	4,5,5,5,5
5301	22968	2009-06-27	3018	1004		2,1,2,1,2
5301	6012	2003-09-04	2008	3003	1019	4,3,5,4,4
5301	2322	2003-08-24	3007	2009	1026	4,4,4,5,5
5301	373	2000-08-27	3007	2002	2004	4,4,4,4,2
5301	2518	2000-07-30	2008	1002	1001	1,2,1,2,1
5301	561	2000-07-22	3007	1004	1009	4,5,4,5,1
5301	445	2000-07-22	1025	1002	1015	5,4,5,4,5
5301	1965	2000-07-22	3005	2004		5,5,4,5,5
5304	6012	2000-07-23	2008	3003	1019	2,1,1,2,2
5314	576	2000-07-23	1011	4001	1003	5,4,5,5,4
5319	852	2000-07-23	2008	1004		5,5,5,5,3
5336	23937	2000-08-20	8906	3003		1,3,1,3,1
5355	2615	2006-04-06	2004	1004	1009	4,3,3,2,4
5355	1615	2006-02-07	2015	2009	1034	4,4,3,3,3
5355	14561	2006-02-07	2004	1004	1009	3,4,3,4,3
5355	3358	2006-02-04	1026	1004	1002	4,3,4,3,3
5355	9779	2006-01-29	1003	3006	1006	
5355	1615	2006-01-26	2015	2009	1034	4,5,4,3,3
5355	11952	2006-01-24	3002	3006	1006	3,4,3,4,3
5355	1615	2006-01-19	2015	2009	1034	4,5,4,3,3
5355	9929	2006-01-18	2015	4000	1008	4,4,4,3,4
5355	7080	2006-01-18	3002	1002	1009	4,3,4,3,4
5355	9946	2006-01-15	3007	2009	1034	3,4,3,4,3
5355	220	2006-01-08	3002	1004	1007	4,3,4,4,3
5355	7721	2006-01-01	3001	2009	1034	3,3,2,4,3
5355	14078	2006-01-01	2004	1009	1009	4,4,5,5,4
5355	666	2000-07-24	2003	4001	1008	5,3,4,4,4
5361	6619	2001-05-09	3017	1004	1007	1,4,3,4,1
5361	1890	2001-02-04	3003	1004	1002	5,3,3,3,5
5361	6612	2000-10-30	3003	2008	1033	5,4,3,4,4
5361	78	2000-08-18	3003	4000	1006	2,5,2,4,2
5370	1656	2000-07-25	2003	2001	1001	4,3,2,3,3
5374	17048	2010-08-07	1003	2009	1032	4,2,4,4,5
5387	5452	2000-07-29	2008	1002	1005	5,4,5,5,4
5388	15114	2006-12-19	1019	2001	1019	5,3,5,4,4
5388	3245	2006-04-07	2008	6000	1032	3,3,3,3,3
5388	10241	2006-04-07	2008	1004	1009	1,4,3,4,2
5388	5191	2006-03-14	2008	4000	1008	2,3,2,4,2
5388	2419	2005-10-19	2028	1002	1001	5,3,3,3,4
5388	13466	2005-10-19	2029	2002		4,4,4,4,5
5388	12792	2005-08-13	2008	4000	1008	4,5,4,4,4
5388	12121	2004-12-20	2010	6000	1006	3,4,3,4,3
5388	10650	2004-05-09	1003	4001	1002	4,3,4,3,3
5388	9779	2004-05-08	1003	3006	1006	3,3,3,3,3
5388	10291	2004-05-07	1003	4000	1008	4,4,5,4,4
5388	6718	2004-05-03	2008	2002	2004	4,4,3,4,3
5388	5522	2004-04-23	1003	1004	1003	4,3,3,3,3
5388	9869	2004-04-23	2008	6000	1021	3,3,4,3,3
5388	5370	2004-04-05	2008	2002	1010	4,3,3,3,3
5388	249	2004-04-05	1003	2004	1006	4,4,4,4,4
5388	1507	2004-03-31	1011	6000	1006	5,4,4,4,4
5388	3498	2004-03-07	2008	1009	1001	4,3,3,3,3
5388	156	2004-03-07	1003	2004	1010	4,3,5,3,3
5388	3279	2004-02-25	2008	2009	1024	3,3,3,3,3
5388	3419	2004-02-23	2008	4001	1003	3,4,3,3,3
5388	10422	2004-02-16	2002	2004		3,3,3,3,2
5388	575	2004-01-26	2008	4001	1003	4,4,3,4,4
5388	3756	2004-01-26	2008	3006	1006	3,3,3,3,3
5388	698	2004-01-25	1011	4000	1002	5,5,5,5,5
5388	2929	2004-01-25	2008	4001	1006	4,4,4,4,4
5388	10823	2004-01-14	2008	4000	1008	4,5,4,4,4
5388	6701	2003-12-28	2008	4001	1019	4,4,4,4,4
5388	6701	2003-12-15	2008	4001	1019	5,5,5,5,5
5388	3692	2003-11-30	1003	4000	1011	3,4,4,4,3
5388	10613	2003-11-30	2008	2009		2,3,3,3,2
5388	9995	2003-10-12	2008	1004	1008	2,3,2,3,2
5388	6434	2003-10-10	2008	4000	1006	5,5,5,5,5
5388	2848	2003-10-10	1022	4000	1032	2,3,2,3,2
5388	3971	2003-10-08	2008	1011	1005	3,3,3,3,3
5388	3971	2003-10-08	2008	1011	1005	4,2,3,3,3
5388	2748	2003-10-04	2008	3006	1002	3,4,4,4,3
5388	9929	2003-10-02	2015	4000	1008	2,4,4,4,3
5388	5391	2003-09-24	2008	1004	1033	3,2,3,3,3
5388	9891	2003-09-11	2008	4001	1022	4,4,4,4,3
5391	7259	2001-02-21	1022	3006	1006	5,4,4,4,3
5403	3073	2000-07-29	2008	2009	1001	4,4,3,4,3
